filename	read_id	run_id	batch_id	channel	mux	start_time	duration	num_events	passes_filtering	template_start	num_events_template	template_duration	sequence_length_template	mean_qscore_template	strand_score_template	median_template	mad_template	scaling_median_template	scaling_mad_template
batch0.fast5	00217aea-b249-4d36-87f9-da89be544b96	cfdce6c29459902087db9c061c151e9b0bf3f94a	0	506	2	14046.840305	6.459495	1945	TRUE	14048.113214	1562	5.186587	379	10.514818	0.000000	102.825523	13.906731	102.825523	13.906731
batch0.fast5	02f4658c-c9da-48db-87b6-4110c06d5aa4	cfdce6c29459902087db9c061c151e9b0bf3f94a	0	70	2	14120.124502	4.761952	1434	TRUE	14121.733732	949	3.152722	213	10.960940	0.000000	111.253845	12.642482	111.253845	12.642482
batch0.fast5	0392ec4a-221f-4eab-9fd6-e002a21ca5f4	cfdce6c29459902087db9c061c151e9b0bf3f94a	0	243	2	41090.729084	13.183599	3970	TRUE	41090.861886	3930	13.050797	793	9.752619	0.000000	97.206642	13.063898	97.206642	13.063898
batch0.fast5	063859a6-df13-4d08-9c05-4fa7fb659491	cfdce6c29459902087db9c061c151e9b0bf3f94a	0	57	1	41052.897742	12.924303	3892	TRUE	41054.500332	3410	11.321713	678	7.230102	0.000000	89.621155	8.428322	89.621155	8.428322
batch0.fast5	08ea56a1-7bf0-42e8-9e09-1b897c960bb1	cfdce6c29459902087db9c061c151e9b0bf3f94a	0	255	4	14174.515936	11.057769	3330	TRUE	14176.186255	2827	9.387450	722	10.447675	0.000000	90.042564	10.535402	90.042564	10.535402
batch0.fast5	0bea9f72-966f-4825-87e2-d7b51b51e8e5	cfdce6c29459902087db9c061c151e9b0bf3f94a	0	231	1	14122.706839	10.046149	3025	TRUE	14125.293161	2246	7.459827	246	10.285578	0.000000	99.032776	15.451922	99.032776	15.451922
batch0.fast5	0c81aeba-7ae4-4acc-b693-8be9f5ab1d8e	cfdce6c29459902087db9c061c151e9b0bf3f94a	0	426	2	41536.210491	7.116202	2143	TRUE	41536.492696	2058	6.833997	247	8.133364	0.000000	95.801918	15.311451	95.801918	15.311451
batch0.fast5	12e927f1-0cea-48b8-8fc1-cce9cc5ac182	cfdce6c29459902087db9c061c151e9b0bf3f94a	0	44	3	41245.584661	20.489044	6171	TRUE	41247.874170	5481	18.199535	1313	11.444270	0.000000	101.701744	15.030507	101.701744	15.030507
batch0.fast5	14971536-0f15-4426-a703-a2d48ecc7e0a	cfdce6c29459902087db9c061c151e9b0bf3f94a	0	260	2	41143.522576	6.958831	2096	TRUE	41143.655378	2056	6.826029	529	9.570065	0.000000	105.915909	15.170979	105.915909	15.170979
batch0.fast5	1522b05a-79d1-4f1d-9136-93ed9d8f6e13	cfdce6c29459902087db9c061c151e9b0bf3f94a	0	163	4	10496.680611	8.305777	2501	TRUE	10499.469788	1661	5.516600	350	7.855567	0.000000	103.808823	13.063898	103.808823	13.063898
batch0.fast5	19ab8f0e-b77d-48fa-8f6d-ec7f4e5128a2	cfdce6c29459902087db9c061c151e9b0bf3f94a	0	216	3	41626.713479	11.589973	3490	TRUE	41626.859562	3446	11.443891	600	10.550823	0.000000	94.256729	12.361538	94.256729	12.361538
batch0.fast5	1b3e952b-29f6-46da-b18a-be47d290de84	cfdce6c29459902087db9c061c151e9b0bf3f94a	0	240	2	41466.067065	5.178287	1559	TRUE	41467.949535	992	3.295817	214	10.031032	0.000000	105.775436	12.923427	105.775436	12.923427
batch0.fast5	1daf9911-29c7-451a-81b2-1d2a06d31ea3	cfdce6c29459902087db9c061c151e9b0bf3f94a	0	192	1	41343.249336	23.096282	6956	TRUE	41346.027888	6119	20.317729	1294	12.323090	0.000000	102.544579	13.625787	102.544579	13.625787
batch0.fast5	1ed24928-154d-4029-ac27-52ce9fcbc927	cfdce6c29459902087db9c061c151e9b0bf3f94a	0	127	3	10498.058433	10.221780	3078	TRUE	10498.191235	3038	10.088977	581	8.578606	0.000000	96.644753	15.311451	96.644753	15.311451
batch0.fast5	1f95bb86-64d6-48bc-9512-d50a3efdb355	cfdce6c29459902087db9c061c151e9b0bf3f94a	0	435	4	41603.087649	5.516600	1661	FALSE	41603.220452	1621	5.383798	375	6.257778	0.000000	63.493355	10.113986	63.493355	10.113986
batch0.fast5	2068e317-7370-4b4c-99d8-7334a7c71c2a	cfdce6c29459902087db9c061c151e9b0bf3f94a	0	255	4	14127.464143	19.928287	6002	TRUE	14130.153054	5192	17.239376	1254	11.684736	0.000000	93.975784	13.485314	93.975784	13.485314
batch0.fast5	353860ae-7a69-4b39-b178-752ad0aad2a6	cfdce6c29459902087db9c061c151e9b0bf3f94a	0	507	4	10534.674967	10.193227	3070	TRUE	10535.949867	2686	8.918327	693	10.405141	0.000000	97.347115	13.625787	97.347115	13.625787
batch0.fast5	362b15bb-f10a-4d8d-a4f0-b453cb9d3ff8	cfdce6c29459902087db9c061c151e9b0bf3f94a	0	491	2	14062.498008	5.436255	1637	TRUE	14065.039177	872	2.895086	224	11.105300	0.000000	108.444405	12.502010	108.444405	12.502010
batch0.fast5	45c639a7-b03a-4616-a254-a8b4a1c2abe1	cfdce6c29459902087db9c061c151e9b0bf3f94a	0	271	4	41540.276892	14.361222	4325	TRUE	41543.197543	3445	11.440571	881	11.995463	0.000000	102.544579	14.047202	102.544579	14.047202
batch0.fast5	5300bcb6-e940-4eb2-bfc0-ee14a98a37e0	cfdce6c29459902087db9c061c151e9b0bf3f94a	0	36	2	14209.235060	5.640770	1699	TRUE	14210.264940	1388	4.610890	378	12.032499	0.000000	99.875610	14.187675	99.875610	14.187675
batch0.fast5	53ff747b-71cf-4813-813e-cf9b5fe737d7	cfdce6c29459902087db9c061c151e9b0bf3f94a	0	442	4	14210.925963	10.868526	3273	TRUE	14213.998340	2348	7.796149	443	11.470052	0.000000	105.634964	14.328147	105.634964	14.328147
batch0.fast5	5481ba8b-dbdf-4d3f-a157-2b5a89bebeec	cfdce6c29459902087db9c061c151e9b0bf3f94a	0	286	3	10613.429283	7.423971	2236	TRUE	10613.562417	2196	7.290837	533	7.539999	0.000000	91.868706	12.782954	91.868706	12.782954
batch0.fast5	63628df9-77d7-42f1-a4db-ca638b57350d	cfdce6c29459902087db9c061c151e9b0bf3f94a	0	473	2	41232.351594	5.379150	1620	TRUE	41233.537517	1263	4.193227	355	7.642805	0.000000	97.909004	10.675874	97.909004	10.675874
batch0.fast5	6eaa43fa-2947-447f-ba82-57fce68d1e30	cfdce6c29459902087db9c061c151e9b0bf3f94a	0	263	2	14027.848938	17.679283	5325	TRUE	14029.205843	4916	16.322377	1275	10.609276	0.000000	101.420799	14.609091	101.420799	14.609091
batch0.fast5	6ee1413e-1df8-4881-bc14-8f7c30c9436d	cfdce6c29459902087db9c061c151e9b0bf3f94a	0	208	3	14046.401394	13.088645	3942	TRUE	14048.328353	3361	11.161687	871	10.675143	0.000000	102.123161	14.328147	102.123161	14.328147
batch0.fast5	718befca-1aab-4702-badc-6a4e8017de7f	cfdce6c29459902087db9c061c151e9b0bf3f94a	0	181	2	14107.038181	10.870186	3274	TRUE	14108.854582	2727	9.053785	673	11.311940	0.000000	100.999382	14.468618	100.999382	14.468618
batch0.fast5	78b131c6-5575-4316-ba99-4db3da90806a	cfdce6c29459902087db9c061c151e9b0bf3f94a	0	364	2	41572.915339	4.803121	1446	TRUE	41574.392430	1001	3.326029	220	12.749191	0.000000	104.511185	13.485314	104.511185	13.485314
batch0.fast5	81a3fa21-c72c-4895-a10f-219f89ba2713	cfdce6c29459902087db9c061c151e9b0bf3f94a	0	478	2	10529.660359	17.891766	5389	TRUE	10534.091965	4054	13.460159	648	12.188116	0.000000	100.297028	15.311451	100.297028	15.311451
batch0.fast5	009b7e32-3f89-4de9-b899-f2ba9ebe2c19	cfdce6c29459902087db9c061c151e9b0bf3f94a	0	223	3	41473.986720	27.290505	8219	TRUE	41475.752324	7688	25.524900	850	10.604767	0.000000	108.303932	14.187675	108.303932	14.187675
batch0.fast5	011b321f-4d07-4fcb-9c51-52a33302a80f	cfdce6c29459902087db9c061c151e9b0bf3f94a	0	149	1	41607.052125	9.234064	2781	TRUE	41609.566069	2024	6.720120	380	9.186381	0.000000	105.073074	14.187675	105.073074	14.187675
batch0.fast5	01e2aecf-80bf-451f-ac55-de28fe601c53	cfdce6c29459902087db9c061c151e9b0bf3f94a	0	268	2	14072.660359	3.800133	1144	TRUE	14072.793161	1104	3.667331	247	8.207863	0.000000	95.099564	13.344842	95.099564	13.344842
batch0.fast5	061367a9-d02b-4a3a-885b-532904128303	cfdce6c29459902087db9c061c151e9b0bf3f94a	0	234	3	14084.730412	6.583665	1983	TRUE	14084.863546	1942	6.450531	410	7.141920	0.000000	83.299911	12.502010	83.299911	12.502010
batch0.fast5	08ce2fcb-423c-46a8-8fbe-80c5f741ba2f	cfdce6c29459902087db9c061c151e9b0bf3f94a	0	346	4	41544.226428	7.467463	2249	TRUE	41546.071381	1693	5.622510	436	11.525249	0.000000	108.584877	12.923427	108.584877	12.923427
batch0.fast5	108cf15d-fb2e-44e0-be05-954a51addd22	cfdce6c29459902087db9c061c151e9b0bf3f94a	0	254	1	14068.963479	16.779548	5054	TRUE	14069.107902	5010	16.635126	1189	11.022564	0.000000	95.380508	13.063898	95.380508	13.063898
batch0.fast5	170187d0-b0d1-4316-954a-82eed8fd7cfc	cfdce6c29459902087db9c061c151e9b0bf3f94a	0	59	3	14126.207171	23.040837	6939	TRUE	14126.341301	6899	22.906707	1407	10.796258	0.000000	93.413895	11.237762	93.413895	11.237762
batch0.fast5	17152fb8-9b38-4e49-8e7e-c3d603c5ee16	cfdce6c29459902087db9c061c151e9b0bf3f94a	0	146	4	41355.528884	4.818393	1451	TRUE	41356.651726	1113	3.695551	281	9.548795	0.000000	111.534790	11.799650	111.534790	11.799650
batch0.fast5	17517c0a-734c-424a-8d81-37d158a7c63d	cfdce6c29459902087db9c061c151e9b0bf3f94a	0	335	4	41377.748008	6.687583	2014	TRUE	41379.563413	1467	4.872178	307	9.769748	0.000000	98.330414	12.923427	98.330414	12.923427
batch0.fast5	18f7290f-a0d7-4bee-b6a5-6abf3c0e8c28	cfdce6c29459902087db9c061c151e9b0bf3f94a	0	387	2	10495.092961	7.243692	2181	TRUE	10496.729416	1688	5.607238	389	9.871552	0.000000	105.213547	11.940122	105.213547	11.940122
batch0.fast5	19b4b010-494d-448b-9537-88f6c0e83faa	cfdce6c29459902087db9c061c151e9b0bf3f94a	0	229	3	14172.642762	13.096614	3944	TRUE	14174.347278	3431	11.392098	1039	9.250577	0.000000	99.173248	13.766258	99.173248	13.766258
batch0.fast5	2013be0b-3e99-44d4-b43b-0ed2d5359c58	cfdce6c29459902087db9c061c151e9b0bf3f94a	0	331	2	14179.607238	11.468459	3454	TRUE	14181.148738	2990	9.926959	848	8.029547	0.000000	108.444405	13.485314	108.444405	13.485314
batch0.fast5	22045957-1b48-424e-93a8-a4a89e6b74d1	cfdce6c29459902087db9c061c151e9b0bf3f94a	0	147	3	14142.531541	7.233068	2178	TRUE	14144.738712	1513	5.025896	403	9.107407	0.000000	104.230240	13.344842	104.230240	13.344842
batch0.fast5	2549470a-5852-4880-8438-5588ba9c705e	cfdce6c29459902087db9c061c151e9b0bf3f94a	0	325	1	14094.415339	19.753984	5949	TRUE	14094.577357	5901	19.591965	1362	10.680279	0.000000	97.347115	13.906731	97.347115	13.906731
batch0.fast5	25b200a2-c65d-403a-b1ee-3822fe7bfd3d	cfdce6c29459902087db9c061c151e9b0bf3f94a	0	272	4	41262.927955	9.265936	2790	TRUE	41264.518924	2311	7.674967	556	9.586782	0.000000	111.253845	11.097290	111.253845	11.097290
batch0.fast5	26ffc3de-1458-4775-bc9c-8a44b9afa1b9	cfdce6c29459902087db9c061c151e9b0bf3f94a	0	221	2	41143.217795	5.512616	1660	TRUE	41143.374834	1613	5.355578	271	8.712279	0.000000	95.099564	11.097290	95.099564	11.097290
batch0.fast5	27a9a7ea-ce70-4c15-a0bb-a00e408f48db	cfdce6c29459902087db9c061c151e9b0bf3f94a	0	46	1	10503.138114	4.856242	1462	TRUE	10505.212483	837	2.781873	223	8.112759	0.000000	107.742043	14.047202	107.742043	14.047202
batch0.fast5	29d14265-4a4f-4737-8370-0bc4e2ffc0b9	cfdce6c29459902087db9c061c151e9b0bf3f94a	0	195	1	41169.801793	4.434263	1335	TRUE	41171.592629	796	2.643426	216	9.347237	0.000000	112.518089	15.873339	112.518089	15.873339
batch0.fast5	32255932-a536-424c-82d7-468faed0cc27	cfdce6c29459902087db9c061c151e9b0bf3f94a	0	406	2	10571.032869	18.389110	5538	TRUE	10571.209163	5485	18.212815	1299	11.514893	0.000000	100.016083	15.170979	100.016083	15.170979
batch0.fast5	3699dcc6-4d6c-4424-b3e9-20ad4f5a20e8	cfdce6c29459902087db9c061c151e9b0bf3f94a	0	233	2	14018.963811	38.200531	11506	TRUE	14020.636122	11002	36.528220	1431	9.159591	0.000000	98.470886	12.642482	98.470886	12.642482
batch0.fast5	37190696-50fc-42ae-970c-268b4e1aadfa	cfdce6c29459902087db9c061c151e9b0bf3f94a	0	48	2	10526.181275	18.164343	5471	TRUE	10528.615870	4737	15.729748	886	10.392291	0.000000	98.611359	14.609091	98.611359	14.609091
batch0.fast5	3913971d-21cf-410d-a435-86132db1024d	cfdce6c29459902087db9c061c151e9b0bf3f94a	0	348	3	41091.112218	13.833001	4166	TRUE	41093.048805	3583	11.896414	746	8.896628	0.000000	103.246941	16.294754	103.246941	16.294754
batch0.fast5	3c96b15d-f7f8-49b5-9a25-8f00d0cec7e8	cfdce6c29459902087db9c061c151e9b0bf3f94a	0	486	3	41565.048805	8.131474	2449	TRUE	41565.301793	2373	7.878486	608	9.623515	0.000000	98.611359	15.170979	98.611359	15.170979
batch0.fast5	3cb014fd-6319-49cd-9f62-1f5170918362	cfdce6c29459902087db9c061c151e9b0bf3f94a	0	289	3	41110.622178	19.485060	5868	TRUE	41110.845950	5801	19.261288	344	8.019210	0.000000	97.206642	14.890035	97.206642	14.890035
batch0.fast5	3dbfd700-e684-4214-8f32-af7a59a97b63	cfdce6c29459902087db9c061c151e9b0bf3f94a	0	26	3	14137.658035	9.997012	3011	TRUE	14137.790837	2971	9.864210	508	8.610864	0.000000	94.256729	15.732866	94.256729	15.732866
batch0.fast5	40f0c3a3-1952-4acd-9a19-49f10c2f61ed	cfdce6c29459902087db9c061c151e9b0bf3f94a	0	138	1	41488.231076	10.100598	3042	TRUE	41489.038845	2799	9.292829	1068	9.379069	0.000000	96.363808	13.063898	96.363808	13.063898
batch0.fast5	42e66fba-140e-4d28-9e29-a329468e5604	cfdce6c29459902087db9c061c151e9b0bf3f94a	0	118	3	14091.106906	7.153386	2154	TRUE	14091.703519	1974	6.556773	555	9.281883	0.000000	110.551483	13.906731	110.551483	13.906731
batch0.fast5	43ab2c99-0b2a-40d4-b250-0b31c086cdb5	cfdce6c29459902087db9c061c151e9b0bf3f94a	0	142	4	14071.851926	6.944887	2091	TRUE	14073.259296	1667	5.537517	462	11.494534	0.000000	103.808823	13.906731	103.808823	13.906731
batch0.fast5	43b994f3-9d17-4889-a7a5-22aaaaef1568	cfdce6c29459902087db9c061c151e9b0bf3f94a	0	507	4	10527.773572	6.890106	2075	TRUE	10529.221116	1639	5.442563	433	10.567188	0.000000	99.173248	14.047202	99.173248	14.047202
batch0.fast5	45943e97-4ede-4d2d-acac-32fbcf4df5f0	cfdce6c29459902087db9c061c151e9b0bf3f94a	0	374	1	41113.613214	6.108898	1840	TRUE	41115.876162	1158	3.845950	238	11.561293	0.000000	103.527885	12.923427	103.527885	12.923427
batch0.fast5	45980b78-e72c-46b8-8dac-c9a2e90b80ad	cfdce6c29459902087db9c061c151e9b0bf3f94a	0	347	1	14139.082669	7.775232	2341	TRUE	14139.217795	2301	7.640106	554	9.102279	0.000000	96.785225	14.890035	96.785225	14.890035
batch0.fast5	47a812d7-982b-4489-b5a4-9dec81ff1025	cfdce6c29459902087db9c061c151e9b0bf3f94a	0	410	2	41489.963147	11.544489	3477	TRUE	41490.326693	3367	11.180943	321	7.846273	0.000000	90.463982	9.692570	90.463982	9.692570
batch0.fast5	47e11ac9-ce9a-45f5-a92e-145c846c229d	cfdce6c29459902087db9c061c151e9b0bf3f94a	0	291	2	41200.866866	7.494356	2257	TRUE	41202.355578	1808	6.005644	523	12.315470	0.000000	104.792130	15.030507	104.792130	15.030507
batch0.fast5	48449ce9-0a34-4012-9377-d88501f4e5d7	cfdce6c29459902087db9c061c151e9b0bf3f94a	0	249	2	10521.437583	8.523572	2567	TRUE	10522.902722	2126	7.058433	514	10.619719	0.000000	101.280327	14.609091	101.280327	14.609091
batch0.fast5	4ce7688e-e61b-48ce-92f7-8fbe488ebce6	cfdce6c29459902087db9c061c151e9b0bf3f94a	0	314	2	41247.125498	8.423971	2537	TRUE	41247.415339	2450	8.134130	531	9.181467	0.000000	99.313721	15.030507	99.313721	15.030507
batch0.fast5	4d058a78-8701-41e7-a7c3-0a41faeeed7d	cfdce6c29459902087db9c061c151e9b0bf3f94a	0	214	4	41506.108898	26.555113	7998	TRUE	41508.360226	7320	24.303785	1308	8.663942	0.000000	96.223335	13.485314	96.223335	13.485314
batch0.fast5	4d8ea418-ad43-44e0-a0f4-fbc9e2f0acec	cfdce6c29459902087db9c061c151e9b0bf3f94a	0	131	1	41348.478420	11.842629	3567	TRUE	41350.537517	2946	9.783533	611	12.526882	0.000000	103.106468	14.749562	103.106468	14.749562
batch0.fast5	4e5a4a91-2681-4a82-8eca-303f0ad66299	cfdce6c29459902087db9c061c151e9b0bf3f94a	0	293	3	41354.279216	5.157039	1553	TRUE	41355.621182	1149	3.815073	243	10.211321	0.000000	107.180153	12.782954	107.180153	12.782954
batch0.fast5	4f02d880-ede9-4416-9f29-7eca0474900f	cfdce6c29459902087db9c061c151e9b0bf3f94a	0	260	2	41326.157703	23.208831	6990	TRUE	41328.181275	6381	21.185259	498	8.046813	0.000000	106.758736	14.328147	106.758736	14.328147
batch0.fast5	52e505dc-d980-4982-966b-48e887f41511	cfdce6c29459902087db9c061c151e9b0bf3f94a	0	271	4	41126.803785	9.894754	2980	TRUE	41128.195219	2561	8.503320	721	12.266006	0.000000	105.494492	14.890035	105.494492	14.890035
batch0.fast5	5553b7cf-5b86-4c6f-86ed-1f7d0bf8425d	cfdce6c29459902087db9c061c151e9b0bf3f94a	0	285	1	41189.115206	12.657703	3812	TRUE	41189.339309	3745	12.433599	784	10.316472	0.000000	99.173248	13.906731	99.173248	13.906731
batch0.fast5	5ab78b08-5360-448a-bcd5-e22f96751d23	cfdce6c29459902087db9c061c151e9b0bf3f94a	0	277	1	41095.572045	22.714475	6841	TRUE	41100.169987	5456	18.116534	1026	8.620042	0.000000	102.825523	14.609091	102.825523	14.609091
batch0.fast5	5cc72df4-519d-4b2b-8cc5-130ae7413fc3	cfdce6c29459902087db9c061c151e9b0bf3f94a	0	295	3	41129.891102	3.984064	1200	TRUE	41131.590305	688	2.284861	170	10.699933	0.000000	103.808823	12.361538	103.808823	12.361538
batch0.fast5	5f2447f5-7ab5-4554-bb68-ab0020d577d4	cfdce6c29459902087db9c061c151e9b0bf3f94a	0	216	3	41134.151726	4.575365	1378	TRUE	41135.305113	1030	3.421979	340	9.666662	0.000000	104.792130	13.485314	104.792130	13.485314
batch0.fast5	5f3cc034-dae7-4fc6-800f-828322b3063a	cfdce6c29459902087db9c061c151e9b0bf3f94a	0	353	4	10609.682603	7.663347	2308	TRUE	10610.955511	1924	6.390438	479	10.217558	0.000000	100.999382	14.187675	100.999382	14.187675
batch0.fast5	5facc6be-60b2-4389-989e-41799edf470c	cfdce6c29459902087db9c061c151e9b0bf3f94a	0	9	3	41309.409363	9.604250	2892	TRUE	41311.272244	2331	7.741368	517	10.022261	0.000000	101.139854	13.766258	101.139854	13.766258
batch0.fast5	60631f90-409b-4a8b-aa03-e6a56e4f374c	cfdce6c29459902087db9c061c151e9b0bf3f94a	0	202	4	10493.018924	14.732736	4437	TRUE	10495.755644	3613	11.996016	634	11.914991	0.000000	100.718445	13.625787	100.718445	13.625787
batch0.fast5	618404c8-afb2-4500-be62-1326b2983f7c	cfdce6c29459902087db9c061c151e9b0bf3f94a	0	326	4	41542.671979	6.198871	1867	TRUE	41545.237052	1094	3.633798	282	9.390950	0.000000	113.782341	12.080594	113.782341	12.080594
batch0.fast5	61ca800b-e768-4b31-adf1-5e67bc235b7a	cfdce6c29459902087db9c061c151e9b0bf3f94a	0	202	4	10511.611222	15.623506	4705	TRUE	10513.758632	4059	13.476096	948	10.968761	0.000000	97.347115	13.204370	97.347115	13.204370
batch0.fast5	687d111e-5dba-455f-9f2a-3745aaf11fda	cfdce6c29459902087db9c061c151e9b0bf3f94a	0	447	3	41488.258632	8.730744	2629	TRUE	41490.108566	2072	6.880810	225	9.252235	0.000000	115.889420	12.502010	115.889420	12.502010
batch0.fast5	68b4bcc0-437c-44ac-94c6-9e784a5e0545	cfdce6c29459902087db9c061c151e9b0bf3f94a	0	26	3	10466.231740	16.309429	4912	TRUE	10467.292829	4592	15.248340	1306	8.783264	0.000000	95.520973	13.906731	95.520973	13.906731
batch0.fast5	68e70cf9-a3bd-4db1-9c50-8f5907649a8c	cfdce6c29459902087db9c061c151e9b0bf3f94a	0	187	3	10568.979084	46.512948	14009	TRUE	10569.431607	13873	46.060425	1404	9.378943	0.000000	93.132950	11.097290	93.132950	11.097290
batch0.fast5	6a055402-caa9-4ae5-8c6f-4860acf8ca93	cfdce6c29459902087db9c061c151e9b0bf3f94a	0	487	3	41091.150398	8.938579	2692	TRUE	41091.299801	2647	8.789177	607	9.052114	0.000000	93.273422	10.675874	93.273422	10.675874
batch0.fast5	6cde4dad-7ed2-4475-b0e0-5e9f70eaf126	cfdce6c29459902087db9c061c151e9b0bf3f94a	0	294	3	41599.257968	7.679615	2313	TRUE	41599.412683	2266	7.524900	415	8.958094	0.000000	93.554367	12.502010	93.554367	12.502010
batch0.fast5	6e929078-58a4-4400-adf6-76ac7e1fbb50	cfdce6c29459902087db9c061c151e9b0bf3f94a	0	107	1	14138.303453	13.583997	4091	TRUE	14139.997676	3581	11.889774	952	11.781177	0.000000	99.735138	14.187675	99.735138	14.187675
batch0.fast5	6f901327-b8aa-4d33-a70c-675b9af95465	cfdce6c29459902087db9c061c151e9b0bf3f94a	0	142	3	41439.858898	18.094954	5450	TRUE	41439.991700	5410	17.962151	1389	11.097640	0.000000	95.661446	12.923427	95.661446	12.923427
batch0.fast5	6f94d29c-5fd9-466a-b3b7-67691cd4ec86	cfdce6c29459902087db9c061c151e9b0bf3f94a	0	485	2	41213.439575	8.449867	2545	TRUE	41213.709495	2463	8.179947	453	10.667795	0.000000	103.668358	15.873339	103.668358	15.873339
batch0.fast5	70355ac2-3114-4339-8d9a-ac71030709cf	cfdce6c29459902087db9c061c151e9b0bf3f94a	0	8	3	14103.341301	14.398738	4336	FALSE	14103.483732	4294	14.256308	260	6.754561	0.000000	91.447289	12.642482	91.447289	12.642482
batch0.fast5	7129e347-3fd2-4e56-9bd3-5079b958416b	cfdce6c29459902087db9c061c151e9b0bf3f94a	0	367	1	14129.145750	9.383134	2826	TRUE	14131.276560	2184	7.252324	626	10.915160	0.000000	101.982689	14.328147	101.982689	14.328147
batch0.fast5	727ce724-0330-4ad2-a9cd-9aec0d09860f	cfdce6c29459902087db9c061c151e9b0bf3f94a	0	508	2	14184.941567	9.887450	2978	TRUE	14186.917331	2383	7.911687	301	8.906669	0.000000	107.742043	14.468618	107.742043	14.468618
batch0.fast5	7337b1a1-e243-4249-a8fa-2fd7526226d8	cfdce6c29459902087db9c061c151e9b0bf3f94a	0	197	2	41127.127822	8.151726	2455	TRUE	41127.282537	2408	7.997012	597	8.750741	0.000000	101.561272	14.890035	101.561272	14.890035
batch0.fast5	758bdc91-662c-45d6-a976-2225b9c5712a	cfdce6c29459902087db9c061c151e9b0bf3f94a	0	146	4	41314.912351	7.922975	2386	TRUE	41317.073373	1735	5.761952	247	7.085272	0.000000	104.792130	15.451922	104.792130	15.451922
batch0.fast5	758e01e2-00f8-4c50-aab3-95103f0a5fcd	cfdce6c29459902087db9c061c151e9b0bf3f94a	0	208	3	14134.933267	10.000664	3012	TRUE	14138.150730	2043	6.783201	417	11.284418	0.000000	102.263634	13.485314	102.263634	13.485314
batch0.fast5	75d867d6-b1b6-4bc9-9d45-ab3160b6f1bd	cfdce6c29459902087db9c061c151e9b0bf3f94a	0	271	4	10504.834329	8.705179	2622	TRUE	10505.101926	2541	8.437583	510	9.798449	0.000000	92.852005	13.063898	92.852005	13.063898
batch0.fast5	7670cafd-ff56-4945-88a8-bafa25e0c917	cfdce6c29459902087db9c061c151e9b0bf3f94a	0	65	4	10495.090637	8.924967	2688	TRUE	10496.811089	2170	7.204515	464	7.728267	0.000000	107.461098	13.906731	107.461098	13.906731
batch0.fast5	776e4913-d80b-4d20-aeb4-e82d991f69e5	cfdce6c29459902087db9c061c151e9b0bf3f94a	0	379	1	41437.324037	8.914011	2684	TRUE	41441.374834	1464	4.863214	228	10.426893	0.000000	102.123161	13.906731	102.123161	13.906731
batch0.fast5	77b3e4f9-f347-4fca-b89d-a6823b535ab4	cfdce6c29459902087db9c061c151e9b0bf3f94a	0	502	3	14039.542165	7.047809	2122	TRUE	14039.674967	2082	6.915007	381	10.561020	0.000000	95.520973	15.732866	95.520973	15.732866
batch0.fast5	77d1b28a-2579-4a68-838c-0f7b8307f3cf	cfdce6c29459902087db9c061c151e9b0bf3f94a	0	165	2	14183.616866	9.905378	2983	TRUE	14185.019920	2560	8.502324	699	10.477394	0.000000	102.825523	14.187675	102.825523	14.187675
batch0.fast5	77ff16f6-e699-4e42-8f93-cf26bd12b0c3	cfdce6c29459902087db9c061c151e9b0bf3f94a	0	108	1	41393.420983	16.693891	5028	TRUE	41394.730412	4633	15.384462	985	9.128363	0.000000	104.792130	13.625787	104.792130	13.625787
batch0.fast5	79bb9505-d87b-4886-99b6-938031ce1d93	cfdce6c29459902087db9c061c151e9b0bf3f94a	0	382	1	14126.086985	17.659695	5319	TRUE	14127.304781	4952	16.441899	1169	11.678016	0.000000	98.330414	14.328147	98.330414	14.328147
batch0.fast5	7a92b2cc-76ce-4f76-bbe7-cd3a64c3d557	cfdce6c29459902087db9c061c151e9b0bf3f94a	0	358	3	14048.332669	5.235392	1576	TRUE	14049.731076	1155	3.836985	242	8.060051	0.000000	114.906113	9.973514	114.906113	9.973514
batch0.fast5	7ac6aa7b-65f7-44ca-b43e-3df6490f1fb1	cfdce6c29459902087db9c061c151e9b0bf3f94a	0	462	3	41496.958167	5.830345	1756	TRUE	41498.473108	1299	4.315405	288	10.009880	0.000000	110.411011	10.394930	110.411011	10.394930
batch0.fast5	7d4dc617-8737-4d2b-b527-3ec4c406eb94	cfdce6c29459902087db9c061c151e9b0bf3f94a	0	172	3	14040.689907	18.251992	5497	TRUE	14042.715471	4887	16.226428	1277	12.569503	0.000000	100.858917	14.187675	100.858917	14.187675
batch0.fast5	7d5237c2-659d-4190-8e6e-2d344346ffba	cfdce6c29459902087db9c061c151e9b0bf3f94a	0	171	3	41189.472112	18.352922	5527	TRUE	41190.934595	5087	16.890438	1309	10.366851	0.000000	96.504280	13.063898	96.504280	13.063898
batch0.fast5	7deb9b77-1ec9-4cb4-a736-b688db384600	cfdce6c29459902087db9c061c151e9b0bf3f94a	0	77	1	41177.383798	8.262616	2488	TRUE	41179.298473	1912	6.347942	370	8.081211	0.000000	106.477798	11.518706	106.477798	11.518706
batch0.fast5	7ee1984b-6801-4079-9102-81ad5f568588	cfdce6c29459902087db9c061c151e9b0bf3f94a	0	441	2	41251.539177	13.043825	3928	TRUE	41253.937251	3206	10.645750	811	10.283612	0.000000	102.825523	15.030507	102.825523	15.030507
batch0.fast5	7f7403cc-f9b7-42da-8bbe-bf8efdce30ad	cfdce6c29459902087db9c061c151e9b0bf3f94a	0	223	3	41442.904714	7.016268	2113	TRUE	41444.082337	1758	5.838645	442	7.914628	0.000000	112.658562	13.906731	112.658562	13.906731
batch0.fast5	7fb14e69-cb81-49d2-b1ae-2f9fd9aa63e4	cfdce6c29459902087db9c061c151e9b0bf3f94a	0	196	3	14040.975432	5.523904	1663	TRUE	14042.670319	1153	3.829017	315	9.400470	0.000000	107.039680	12.923427	107.039680	12.923427
batch0.fast5	7fb464f5-a579-4e31-8248-7decf1149b68	cfdce6c29459902087db9c061c151e9b0bf3f94a	0	258	1	14149.817065	7.094954	2137	TRUE	14149.949867	2097	6.962151	471	8.809857	0.000000	93.132950	14.749562	93.132950	14.749562
batch0.fast5	7fd08e09-cff5-456e-918b-13bbf6552622	cfdce6c29459902087db9c061c151e9b0bf3f94a	0	340	3	14066.685923	8.461155	2548	TRUE	14068.361554	2043	6.785525	553	9.240648	0.000000	101.420799	14.328147	101.420799	14.328147
batch0.fast5	820d3869-b3b5-416f-9011-70743a6bf6a2	cfdce6c29459902087db9c061c151e9b0bf3f94a	0	466	1	14058.004648	11.981076	3608	TRUE	14059.254316	3232	10.731408	855	11.387976	0.000000	98.330414	14.187675	98.330414	14.187675
batch0.fast5	82b4991c-2a4f-4175-a698-e7cfd884d101	cfdce6c29459902087db9c061c151e9b0bf3f94a	0	280	3	10605.534861	19.168991	5773	TRUE	10605.770916	5702	18.932935	1372	10.952658	0.000000	92.852005	12.080594	92.852005	12.080594
batch0.fast5	82e2e097-8b90-4542-b461-fac2e0229ce8	cfdce6c29459902087db9c061c151e9b0bf3f94a	0	268	3	10606.109562	8.478088	2553	TRUE	10607.395418	2166	7.192231	608	10.430594	0.000000	100.437500	14.047202	100.437500	14.047202
batch0.fast5	839f36ad-4594-45f3-be96-ae535e351377	cfdce6c29459902087db9c061c151e9b0bf3f94a	0	140	3	41451.324369	7.781208	2343	TRUE	41453.035193	1828	6.070385	329	9.804822	0.000000	113.220451	12.080594	113.220451	12.080594
batch0.fast5	84f4d3a0-ab9f-4807-a1ca-96d4b20c282e	cfdce6c29459902087db9c061c151e9b0bf3f94a	0	352	4	41603.480744	6.274568	1889	TRUE	41604.525564	1575	5.229748	410	9.234635	0.000000	106.196854	13.063898	106.196854	13.063898
batch0.fast5	85381f5c-286f-4e73-bf74-2429cca95db6	cfdce6c29459902087db9c061c151e9b0bf3f94a	0	242	1	41594.925299	10.372510	3124	TRUE	41596.984396	2504	8.313413	457	10.803286	0.000000	103.949295	14.468618	103.949295	14.468618
batch0.fast5	855f9c95-4985-41bd-bc31-e5d706ab213b	cfdce6c29459902087db9c061c151e9b0bf3f94a	0	125	4	10517.119190	10.958167	3300	TRUE	10517.251992	3260	10.825365	640	9.819774	0.000000	94.537674	13.625787	94.537674	13.625787
batch0.fast5	8588d684-c4be-4e64-9f37-8b5dd2ed1fba	cfdce6c29459902087db9c061c151e9b0bf3f94a	0	229	3	41245.375166	34.245684	10314	TRUE	41245.508964	10274	34.111886	1383	10.421027	0.000000	93.554367	11.378234	93.554367	11.378234
batch0.fast5	8601c19b-95a8-454f-8dd4-777219b426dc	cfdce6c29459902087db9c061c151e9b0bf3f94a	0	479	3	14055.421979	10.867862	3273	TRUE	14057.043825	2784	9.246016	898	10.587957	0.000000	97.909004	14.047202	97.909004	14.047202
batch0.fast5	8694c570-9554-4329-a9d7-aa146d822c47	cfdce6c29459902087db9c061c151e9b0bf3f94a	0	466	1	14051.083001	6.547809	1972	TRUE	14052.742032	1472	4.888778	388	10.026077	0.000000	101.982689	14.187675	101.982689	14.187675
batch0.fast5	87f84bf2-a618-4930-a63c-49ac15f07088	cfdce6c29459902087db9c061c151e9b0bf3f94a	0	377	3	10568.803453	5.626162	1694	TRUE	10568.936255	1654	5.493360	286	9.294428	0.000000	93.273422	10.394930	93.273422	10.394930
batch0.fast5	8813d5a0-3ac7-422b-bbdc-40863b75c955	cfdce6c29459902087db9c061c151e9b0bf3f94a	0	316	3	41249.556773	5.570053	1677	TRUE	41250.901726	1272	4.225100	322	9.681175	0.000000	110.832428	14.609091	110.832428	14.609091
batch0.fast5	8889143d-76ae-40cb-8b9c-234032cf83a3	cfdce6c29459902087db9c061c151e9b0bf3f94a	0	287	2	14149.421647	9.735392	2932	TRUE	14149.716799	2843	9.440239	384	9.124692	0.000000	91.166344	9.833042	91.166344	9.833042
batch0.fast5	8c247c44-d3d3-4966-8645-b4fafc21a1bb	cfdce6c29459902087db9c061c151e9b0bf3f94a	0	473	2	41518.785193	8.720784	2626	TRUE	41520.998672	1960	6.507304	419	11.477386	0.000000	103.668358	14.047202	103.668358	14.047202
batch0.fast5	8e313e62-119f-4673-ba33-c0716e78544d	cfdce6c29459902087db9c061c151e9b0bf3f94a	0	172	4	41380.691235	4.646082	1399	TRUE	41381.854582	1049	3.482736	240	7.576664	0.000000	108.865822	10.675874	108.865822	10.675874
batch0.fast5	8e6e620f-2e35-4f6c-ba00-81cf2574661e	cfdce6c29459902087db9c061c151e9b0bf3f94a	0	303	4	14056.481740	15.512284	4672	TRUE	14059.287849	3827	12.706175	823	12.293969	0.000000	100.156555	14.328147	100.156555	14.328147
batch0.fast5	8e9674de-6b2e-485f-a10c-78416c99500f	cfdce6c29459902087db9c061c151e9b0bf3f94a	0	358	1	41639.331341	11.811421	3557	TRUE	41639.532869	3496	11.609894	616	9.007304	0.000000	99.594666	14.328147	99.594666	14.328147
batch0.fast5	8e9dbaa9-4f75-401a-995a-6ac128c884a5	cfdce6c29459902087db9c061c151e9b0bf3f94a	0	397	1	41606.431275	11.798141	3553	TRUE	41609.386786	2663	8.842629	333	8.996543	0.000000	105.775436	13.906731	105.775436	13.906731
batch0.fast5	90811f9a-dafb-4660-a146-a311be9b91db	cfdce6c29459902087db9c061c151e9b0bf3f94a	0	294	3	41461.715803	35.672311	10744	TRUE	41462.385126	10542	35.002988	823	7.922866	0.000000	92.571068	10.113986	92.571068	10.113986
batch0.fast5	91108697-ee67-48a9-b517-16bde729e562	cfdce6c29459902087db9c061c151e9b0bf3f94a	0	229	3	41487.775232	26.416003	7956	TRUE	41490.428619	7157	23.762616	1228	10.921536	0.000000	94.678146	11.659178	94.678146	11.659178
batch0.fast5	915252a9-de89-4c43-b763-857f0619f8cf	cfdce6c29459902087db9c061c151e9b0bf3f94a	0	129	3	41099.623174	12.038845	3626	TRUE	41099.845286	3559	11.816733	506	8.626566	0.000000	92.290123	9.271153	92.290123	9.271153
batch0.fast5	9184bddb-f361-4e58-b3cd-1f72549af1f5	cfdce6c29459902087db9c061c151e9b0bf3f94a	0	81	1	14163.164011	8.371846	2521	TRUE	14164.598606	2089	6.937251	492	9.095559	0.000000	101.139854	14.749562	101.139854	14.749562
batch0.fast5	91ef15c1-3071-4ae6-83bf-7dd02f8d15f0	cfdce6c29459902087db9c061c151e9b0bf3f94a	0	196	3	14137.667995	11.328353	3412	TRUE	14140.012948	2705	8.983400	726	11.705775	0.000000	99.735138	13.906731	99.735138	13.906731
batch0.fast5	9311082c-5d7b-4ef9-84e3-793565c779f8	cfdce6c29459902087db9c061c151e9b0bf3f94a	0	291	2	41415.850930	8.153054	2455	TRUE	41417.672643	1907	6.331341	410	10.794633	0.000000	112.096672	13.485314	112.096672	13.485314
batch0.fast5	950ce540-a18b-453e-a643-9bb4332fccc3	cfdce6c29459902087db9c061c151e9b0bf3f94a	0	381	3	41365.914343	13.076029	3938	TRUE	41367.690239	3403	11.300133	888	10.995600	0.000000	100.999382	14.890035	100.999382	14.890035
batch0.fast5	95d244d6-c78f-4e2d-ba36-bdeff56b3ce6	cfdce6c29459902087db9c061c151e9b0bf3f94a	0	121	3	41060.427291	14.838313	4469	TRUE	41062.004980	3994	13.260624	948	10.714755	0.000000	99.313721	13.906731	99.313721	13.906731
batch0.fast5	964a13bb-56b3-4bb4-a0ff-249aaa61fe22	cfdce6c29459902087db9c061c151e9b0bf3f94a	0	501	1	41299.604250	13.357238	4023	TRUE	41299.832337	3954	13.129150	739	9.419023	0.000000	98.611359	14.047202	98.611359	14.047202
batch0.fast5	9742c9a1-b5fc-47b2-a37e-2fd4132eab09	cfdce6c29459902087db9c061c151e9b0bf3f94a	0	35	2	41194.719456	16.188911	4876	TRUE	41196.175963	4437	14.732404	1265	10.671400	0.000000	104.089767	14.749562	104.089767	14.749562
batch0.fast5	98a9ab9b-da89-4d25-8da6-4046946065b7	cfdce6c29459902087db9c061c151e9b0bf3f94a	0	63	4	10556.724436	33.137118	9980	TRUE	10556.885126	9932	32.976428	1312	8.961594	0.000000	94.959091	12.502010	94.959091	12.502010
batch0.fast5	98bd575b-2fdf-46c2-b45f-78a4bd09d83b	cfdce6c29459902087db9c061c151e9b0bf3f94a	0	158	4	14159.842961	7.125830	2146	TRUE	14161.365538	1687	5.603254	524	9.550895	0.000000	97.487587	13.625787	97.487587	13.625787
batch0.fast5	9b3406a7-156e-4dd7-96b2-a5cca4c473c7	cfdce6c29459902087db9c061c151e9b0bf3f94a	0	256	2	14123.216135	14.398738	4336	TRUE	14123.450199	4266	14.164675	553	8.867826	0.000000	95.942390	10.254457	95.942390	10.254457
batch0.fast5	9c36a4cb-1a7c-4df8-8b17-b202ee9188e2	cfdce6c29459902087db9c061c151e9b0bf3f94a	0	158	4	14208.717795	8.732736	2630	TRUE	14210.789509	2006	6.661023	400	9.914943	0.000000	104.230240	13.344842	104.230240	13.344842
batch0.fast5	9c74c919-5140-41a9-8174-0b1ff729696c	cfdce6c29459902087db9c061c151e9b0bf3f94a	0	290	2	14130.649402	12.482404	3759	TRUE	14130.782537	3719	12.349270	360	8.540021	0.000000	98.892303	14.468618	98.892303	14.468618
batch0.fast5	9efd081f-e9d1-49a5-9a8c-fc7db0703bc1	cfdce6c29459902087db9c061c151e9b0bf3f94a	0	188	4	10483.055445	5.644754	1700	TRUE	10484.693559	1206	4.006640	268	10.470809	0.000000	108.303932	13.344842	108.303932	13.344842
batch0.fast5	a00ffd71-9325-428d-8932-2fc0caa77631	cfdce6c29459902087db9c061c151e9b0bf3f94a	0	209	3	41192.416335	9.253984	2787	TRUE	41194.452855	2173	7.217463	532	11.589421	0.000000	93.975784	13.906731	93.975784	13.906731
batch0.fast5	a19bb302-de91-4ea4-9f9f-8f9a14c96af5	cfdce6c29459902087db9c061c151e9b0bf3f94a	0	241	2	41081.012616	16.399402	4939	FALSE	41081.416999	4817	15.995020	246	5.473369	0.000000	102.685051	18.261364	102.685051	18.261364
batch0.fast5	a1bf7c47-acf0-42f9-a4aa-03276ef1d133	cfdce6c29459902087db9c061c151e9b0bf3f94a	0	194	4	10528.720452	19.530544	5882	TRUE	10530.792497	5258	17.458499	1333	10.603233	0.000000	93.132950	11.940122	93.132950	11.940122
batch0.fast5	a2222f8b-08a6-4fe6-8e23-7b3d1888bf8d	cfdce6c29459902087db9c061c151e9b0bf3f94a	0	481	3	14217.463147	7.322045	2205	TRUE	14219.219456	1676	5.565737	429	11.558757	0.000000	102.825523	14.890035	102.825523	14.890035
batch0.fast5	a2ec710f-b490-492b-af45-73204de96e47	cfdce6c29459902087db9c061c151e9b0bf3f94a	0	376	2	10492.442895	8.135790	2450	TRUE	10493.868526	2021	6.710159	541	9.056599	0.000000	102.404106	14.749562	102.404106	14.749562
batch0.fast5	a53c3323-db61-4907-be72-f1904861d258	cfdce6c29459902087db9c061c151e9b0bf3f94a	0	148	4	10497.542497	6.211155	1870	TRUE	10499.091633	1404	4.662019	320	9.643873	0.000000	114.063286	12.361538	114.063286	12.361538
batch0.fast5	a581704b-4b56-4eb9-96cc-ba7ce1dc14c8	cfdce6c29459902087db9c061c151e9b0bf3f94a	0	140	4	10487.284197	7.030212	2117	TRUE	10488.767264	1670	5.547145	437	11.605466	0.000000	103.808823	13.906731	103.808823	13.906731
batch0.fast5	a74ee1d0-36df-44c3-bc38-aa3874449460	cfdce6c29459902087db9c061c151e9b0bf3f94a	0	214	2	14182.332669	13.770584	4147	TRUE	14182.332669	4147	13.770584	611	8.599128	0.000000	91.587761	10.394930	91.587761	10.394930
batch0.fast5	a843da0c-65b2-4fd6-8182-74a4631f0e34	cfdce6c29459902087db9c061c151e9b0bf3f94a	0	498	2	41096.729748	18.129482	5460	TRUE	41096.875166	5416	17.984064	520	8.634949	0.000000	104.792130	14.890035	104.792130	14.890035
batch0.fast5	a844594e-4fac-4c33-8bcc-5d586116119c	cfdce6c29459902087db9c061c151e9b0bf3f94a	0	236	1	10540.157703	7.550133	2274	TRUE	10542.669987	1517	5.037849	332	10.755100	0.000000	97.206642	11.799650	97.206642	11.799650
batch0.fast5	a8d33c6c-1d5d-40f5-a56f-108b5dd8018e	cfdce6c29459902087db9c061c151e9b0bf3f94a	0	71	1	14205.632138	7.409363	2231	TRUE	14207.229084	1750	5.812417	490	9.595901	0.000000	105.073074	13.063898	105.073074	13.063898
batch0.fast5	aaf15131-d833-4113-af05-5882c72a3885	cfdce6c29459902087db9c061c151e9b0bf3f94a	0	119	4	10589.769920	18.840305	5674	FALSE	10591.730744	5084	16.879482	994	6.886931	0.000000	95.380508	9.973514	95.380508	9.973514
batch0.fast5	ad1603d7-55b5-4203-9370-b4c1ae6ee2c2	cfdce6c29459902087db9c061c151e9b0bf3f94a	0	206	2	14102.385126	13.129814	3954	TRUE	14102.531873	3910	12.983068	837	8.902503	0.000000	96.785225	11.940122	96.785225	11.940122
batch0.fast5	aeb8085e-7e6c-4f17-b7c0-e2f521278760	cfdce6c29459902087db9c061c151e9b0bf3f94a	0	123	3	14207.453519	7.508964	2261	TRUE	14209.108898	1763	5.853586	423	10.385488	0.000000	102.544579	14.187675	102.544579	14.187675
batch0.fast5	af2f3a04-c2ee-4d77-9234-7e534c38d3e4	cfdce6c29459902087db9c061c151e9b0bf3f94a	0	183	1	41623.303121	7.138114	2150	TRUE	41626.371514	1225	4.069721	227	10.301991	0.000000	115.187057	13.344842	115.187057	13.344842
batch0.fast5	af4ac67d-ea2f-4132-85d7-897a048afcd4	cfdce6c29459902087db9c061c151e9b0bf3f94a	0	155	1	14217.738712	4.942563	1488	TRUE	14219.202523	1047	3.478752	313	9.296488	0.000000	102.404106	14.328147	102.404106	14.328147
batch0.fast5	afe01ec8-5ff9-4781-9518-26c8af56de70	cfdce6c29459902087db9c061c151e9b0bf3f94a	0	187	3	41275.109894	8.037185	2420	TRUE	41275.242696	2380	7.904382	505	9.322748	0.000000	93.554367	14.328147	93.554367	14.328147
batch0.fast5	b19866a1-1f7b-460b-88ee-2aefb67e15df	cfdce6c29459902087db9c061c151e9b0bf3f94a	0	383	2	41495.292165	7.732404	2329	TRUE	41495.727756	2197	7.296813	328	8.339534	0.000000	96.223335	12.782954	96.223335	12.782954
batch0.fast5	b2cb3bf7-4d56-4374-8b0e-b0ad4d0e744c	cfdce6c29459902087db9c061c151e9b0bf3f94a	0	418	4	10604.390770	7.035525	2119	TRUE	10605.897742	1665	5.528552	433	10.009556	0.000000	103.808823	12.782954	103.808823	12.782954
batch0.fast5	b4092e36-defe-49b6-a0e4-5e95b1dbb5bd	cfdce6c29459902087db9c061c151e9b0bf3f94a	0	18	2	41148.298805	17.352590	5226	TRUE	41149.126826	4977	16.524568	1146	10.849936	0.000000	94.818619	11.378234	94.818619	11.378234
batch0.fast5	b51106cc-dbf4-4a4e-922c-7f47d8715299	cfdce6c29459902087db9c061c151e9b0bf3f94a	0	403	3	41453.944555	13.801129	4156	TRUE	41454.102922	4109	13.642762	1046	9.770993	0.000000	90.183037	12.782954	90.183037	12.782954
batch0.fast5	b6711799-3dcc-4076-9bf5-85d76fb60967	cfdce6c29459902087db9c061c151e9b0bf3f94a	0	78	2	41304.100266	5.785525	1742	TRUE	41306.487384	1023	3.398406	267	9.058771	0.000000	109.568176	13.344842	109.568176	13.344842
batch0.fast5	b74edf7f-c511-4186-bbf1-bffb1a55b00f	cfdce6c29459902087db9c061c151e9b0bf3f94a	0	103	1	14124.519920	15.656375	4715	TRUE	14126.130146	4230	14.046149	1289	10.412936	0.000000	95.520973	13.063898	95.520973	13.063898
batch0.fast5	b7fbb0ab-6150-4a5e-9069-29182212aa2c	cfdce6c29459902087db9c061c151e9b0bf3f94a	0	361	2	41590.480412	12.251328	3690	TRUE	41592.409695	3109	10.322045	693	11.427103	0.000000	104.370712	14.890035	104.370712	14.890035
batch0.fast5	b831c471-0284-4c58-9bfb-3b5285d1191e	cfdce6c29459902087db9c061c151e9b0bf3f94a	0	274	1	41514.178287	14.430611	4346	TRUE	41515.798473	3858	12.810425	981	11.520712	0.000000	93.694839	12.923427	93.694839	12.923427
batch0.fast5	b9b86749-534a-4d5c-b768-ed55c316e685	cfdce6c29459902087db9c061c151e9b0bf3f94a	0	72	2	41059.277556	10.775232	3245	TRUE	41059.420983	3202	10.631806	533	8.221322	0.000000	100.858917	11.237762	100.858917	11.237762
batch0.fast5	bb598de9-dbc8-46a7-b7e5-149abb6fe6a4	cfdce6c29459902087db9c061c151e9b0bf3f94a	0	349	2	10543.101262	14.144422	4260	TRUE	10543.234064	4220	14.011620	1084	10.025605	0.000000	98.049477	13.625787	98.049477	13.625787
batch0.fast5	bbd2b9de-bdcc-4b3e-83e6-e0a573c26d92	cfdce6c29459902087db9c061c151e9b0bf3f94a	0	132	2	41083.745020	38.233400	11515	TRUE	41087.229416	10466	34.749004	1319	8.840969	0.000000	96.925697	13.063898	96.925697	13.063898
batch0.fast5	bbf4bb26-2763-4a8b-9d11-e63ff6a31a03	cfdce6c29459902087db9c061c151e9b0bf3f94a	0	365	4	41100.658699	26.317065	7926	TRUE	41100.850266	7869	26.125498	1372	11.259357	0.000000	97.206642	11.940122	97.206642	11.940122
batch0.fast5	bd0a5e26-0dd2-4692-93c2-754813b4025c	cfdce6c29459902087db9c061c151e9b0bf3f94a	0	200	3	10534.163347	13.262284	3994	TRUE	10534.322709	3946	13.102922	855	9.862772	0.000000	94.959091	11.518706	94.959091	11.518706
batch0.fast5	be604447-ccd3-482e-bdc9-ac62875e7528	cfdce6c29459902087db9c061c151e9b0bf3f94a	0	417	4	14045.937251	4.314409	1299	TRUE	14046.073705	1258	4.177955	318	8.233408	0.000000	96.082863	14.749562	96.082863	14.749562
batch0.fast5	bf47ca02-8f06-4e95-b5b6-12716be3a0f4	cfdce6c29459902087db9c061c151e9b0bf3f94a	0	283	3	41434.831673	5.484728	1652	TRUE	41437.821381	751	2.495020	150	11.398217	0.000000	101.280327	13.204370	101.280327	13.204370
batch0.fast5	c3626406-a7c0-47bb-92de-04f6475ea611	cfdce6c29459902087db9c061c151e9b0bf3f94a	0	38	4	10487.680279	5.922975	1784	FALSE	10491.233732	713	2.369522	121	6.158541	0.000000	113.220451	7.445017	113.220451	7.445017
batch0.fast5	c3a36304-4069-4d70-b1ab-7c134e5b3ef1	cfdce6c29459902087db9c061c151e9b0bf3f94a	0	174	2	14077.092961	9.182935	2765	TRUE	14078.351926	2386	7.923971	645	9.290576	0.000000	102.544579	14.328147	102.544579	14.328147
batch0.fast5	c47a1e1b-0e0d-4dfe-bf27-49b89078bc25	cfdce6c29459902087db9c061c151e9b0bf3f94a	0	160	4	10528.124834	10.648738	3207	TRUE	10528.668991	3043	10.104582	631	9.267574	0.000000	95.380508	14.047202	95.380508	14.047202
batch0.fast5	c4c53f72-e4b3-4b40-bba2-a9fad1bfc574	cfdce6c29459902087db9c061c151e9b0bf3f94a	0	287	1	41434.849270	12.633798	3805	TRUE	41435.796481	3520	11.686587	1259	7.790837	0.000000	90.463982	12.502010	90.463982	12.502010
batch0.fast5	c4ec9f31-19ed-4900-a10a-139c29ca45b0	cfdce6c29459902087db9c061c151e9b0bf3f94a	0	192	3	14219.001660	5.020252	1512	TRUE	14220.342629	1108	3.679283	329	10.093925	0.000000	108.163460	13.063898	108.163460	13.063898
batch0.fast5	c6801286-b592-4f1e-8c74-851c07e73861	cfdce6c29459902087db9c061c151e9b0bf3f94a	0	103	1	14140.214143	15.612550	4702	TRUE	14142.939243	3881	12.887450	511	12.121164	0.000000	99.032776	14.047202	99.032776	14.047202
batch0.fast5	c856d503-608a-4a8b-84e6-436b4a324311	cfdce6c29459902087db9c061c151e9b0bf3f94a	0	348	3	14172.900398	11.251328	3388	TRUE	14173.147742	3314	11.003984	356	9.438599	0.000000	92.430595	12.361538	92.430595	12.361538
batch0.fast5	c8a39540-d07a-4a88-97c9-b6d38a9bdafe	cfdce6c29459902087db9c061c151e9b0bf3f94a	0	317	4	41200.347610	22.319389	6722	TRUE	41201.671315	6323	20.995684	1597	7.421855	0.000000	97.066170	14.187675	97.066170	14.187675
batch0.fast5	c8cede53-5f7a-48a6-bb7a-8137d3c5f67d	cfdce6c29459902087db9c061c151e9b0bf3f94a	0	418	3	41527.732736	13.789177	4153	TRUE	41527.865870	4113	13.656042	995	11.146461	0.000000	96.223335	12.361538	96.223335	12.361538
batch0.fast5	ca3f20d9-8c3a-42ee-bf8e-149f25068809	cfdce6c29459902087db9c061c151e9b0bf3f94a	0	312	1	41606.114874	12.936255	3896	TRUE	41609.239376	2955	9.811753	594	11.617727	0.000000	107.601570	14.047202	107.601570	14.047202
batch0.fast5	cad1906f-ba8f-473d-80ca-69841284007c	cfdce6c29459902087db9c061c151e9b0bf3f94a	0	52	2	14049.198207	13.047145	3929	TRUE	14049.198207	3929	13.047145	434	7.788573	0.000000	90.183037	11.097290	90.183037	11.097290
batch0.fast5	cd3e8cb1-59dc-407c-91b1-e6a49c4e7cee	cfdce6c29459902087db9c061c151e9b0bf3f94a	0	364	4	14173.814409	5.128154	1544	TRUE	14174.768260	1257	4.174303	342	9.243948	0.000000	103.527885	12.642482	103.527885	12.642482
batch0.fast5	cdb9389f-3e21-4a67-ac5c-a938b1d247d7	cfdce6c29459902087db9c061c151e9b0bf3f94a	0	405	1	10568.345618	6.076693	1830	TRUE	10568.478420	1790	5.943891	373	9.303648	0.000000	94.818619	14.749562	94.818619	14.749562
batch0.fast5	cf435bec-04da-411a-9ea2-a4b14afc22a7	cfdce6c29459902087db9c061c151e9b0bf3f94a	0	317	4	41482.243360	5.949203	1791	TRUE	41483.313413	1469	4.879150	478	7.429392	0.000000	101.280327	13.485314	101.280327	13.485314
batch0.fast5	d0f1f124-4b7d-476e-ab5e-3f1b65d5ea9b	cfdce6c29459902087db9c061c151e9b0bf3f94a	0	201	2	41253.151394	8.697211	2619	TRUE	41253.284197	2579	8.564409	590	10.093989	0.000000	93.413895	11.659178	93.413895	11.659178
batch0.fast5	d1b42f14-ed10-483f-9bfe-dbab3a12bf0f	cfdce6c29459902087db9c061c151e9b0bf3f94a	0	465	3	14137.658367	22.550797	6792	TRUE	14139.552125	6221	20.657039	718	11.753647	0.000000	95.099564	13.063898	95.099564	13.063898
batch0.fast5	d1d7b602-b58f-4aee-a9d9-8e3168e1291e	cfdce6c29459902087db9c061c151e9b0bf3f94a	0	399	1	41326.918327	8.887782	2677	TRUE	41328.131142	2311	7.674967	866	8.724771	0.000000	88.075958	12.502010	88.075958	12.502010
batch0.fast5	d230dc3d-f0be-44b9-9be4-b5872384e60f	cfdce6c29459902087db9c061c151e9b0bf3f94a	0	281	4	14195.677291	8.993360	2708	TRUE	14197.133466	2270	7.537185	670	10.057093	0.000000	93.554367	13.204370	93.554367	13.204370
batch0.fast5	d250cdb6-39e0-4cda-81d5-0c7d77aae55a	cfdce6c29459902087db9c061c151e9b0bf3f94a	0	80	2	41410.578685	7.126494	2146	TRUE	41410.731076	2100	6.974104	311	8.708993	0.000000	91.587761	11.659178	91.587761	11.659178
batch0.fast5	d2fbbf19-816d-4329-a37f-e02eff721844	cfdce6c29459902087db9c061c151e9b0bf3f94a	0	162	2	10594.017596	16.984728	5115	TRUE	10594.150730	5075	16.851594	1370	10.178748	0.000000	93.132950	13.344842	93.132950	13.344842
batch0.fast5	d441570e-7c34-4246-9dc3-7f7067774d19	cfdce6c29459902087db9c061c151e9b0bf3f94a	0	63	1	41354.706507	9.014276	2715	TRUE	41354.853918	2670	8.866866	444	8.502389	0.000000	93.694839	12.080594	93.694839	12.080594
batch0.fast5	d5444486-c833-460a-90af-cd83e4134935	cfdce6c29459902087db9c061c151e9b0bf3f94a	0	191	4	10478.546813	9.903054	2982	TRUE	10478.679615	2942	9.770252	612	8.202103	0.000000	99.032776	13.204370	99.032776	13.204370
batch0.fast5	d5c467a3-d310-4ede-a83c-60e663424d7b	cfdce6c29459902087db9c061c151e9b0bf3f94a	0	427	3	41376.112218	8.140438	2451	TRUE	41378.997676	1582	5.254980	362	10.069616	0.000000	106.337326	11.097290	106.337326	11.097290
batch0.fast5	d61ddf3e-d3b9-46e6-86fc-7ce9e4c5a79e	cfdce6c29459902087db9c061c151e9b0bf3f94a	0	49	2	41154.441567	26.793493	8070	TRUE	41154.792497	7964	26.442563	564	9.153432	0.000000	98.470886	9.973514	98.470886	9.973514
batch0.fast5	d804f67f-ba66-46fc-9cf8-9e868d99282d	cfdce6c29459902087db9c061c151e9b0bf3f94a	0	312	3	14087.612550	29.233732	8805	TRUE	14089.598274	8207	27.248008	1270	12.599739	0.000000	102.123161	14.749562	102.123161	14.749562
batch0.fast5	d9621f15-4ce4-49b2-b527-ba597f9defc7	cfdce6c29459902087db9c061c151e9b0bf3f94a	0	223	3	41118.080013	11.413015	3437	FALSE	41118.307769	3369	11.185259	266	6.506735	0.000000	102.263634	14.468618	102.263634	14.468618
batch0.fast5	d98d833f-b5ba-48bf-8013-9fd4ddd889e3	cfdce6c29459902087db9c061c151e9b0bf3f94a	0	446	3	10601.032205	10.843625	3266	TRUE	10602.259960	2896	9.615870	688	7.442001	0.000000	106.899208	13.063898	106.899208	13.063898
batch0.fast5	db5c018b-d188-4f06-8a22-614783ab6c1d	cfdce6c29459902087db9c061c151e9b0bf3f94a	0	132	2	41545.730080	11.012616	3317	TRUE	41546.964807	2945	9.777888	747	10.252954	0.000000	107.882515	14.468618	107.882515	14.468618
batch0.fast5	dd189b61-412f-44f0-b0c3-d2ebb077f345	cfdce6c29459902087db9c061c151e9b0bf3f94a	0	320	2	14100.018592	3.973440	1196	FALSE	14101.632802	710	2.359230	127	5.478402	0.000000	114.765648	7.304545	114.765648	7.304545
batch0.fast5	dd68fac2-66aa-4a10-b9c8-1fed3c931d10	cfdce6c29459902087db9c061c151e9b0bf3f94a	0	172	4	41156.241036	8.181607	2464	TRUE	41159.924635	1354	4.498008	308	10.941858	0.000000	102.685051	14.047202	102.685051	14.047202
batch0.fast5	de1a641e-5f23-43dc-83a0-53940eeff0c6	cfdce6c29459902087db9c061c151e9b0bf3f94a	0	200	3	10496.684263	7.280544	2192	TRUE	10498.469124	1655	5.495684	386	10.799922	0.000000	107.180153	13.625787	107.180153	13.625787
batch0.fast5	de97a46d-92c2-40a2-b559-bc05ff33e7f9	cfdce6c29459902087db9c061c151e9b0bf3f94a	0	393	3	10585.466467	13.376494	4029	TRUE	10585.851594	3913	12.991368	662	8.306015	0.000000	91.447289	11.097290	91.447289	11.097290
batch0.fast5	e03a0007-cd8f-4503-8070-9da8526fcaac	cfdce6c29459902087db9c061c151e9b0bf3f94a	0	500	4	10549.792497	12.668327	3815	TRUE	10552.328021	3052	10.132802	660	9.276741	0.000000	101.701744	15.030507	101.701744	15.030507
batch0.fast5	e14325fe-fbe9-4435-aefc-8af18d1c10a7	cfdce6c29459902087db9c061c151e9b0bf3f94a	0	180	2	14147.493028	10.240372	3084	TRUE	14148.925963	2652	8.807437	750	11.673027	0.000000	105.213547	14.749562	105.213547	14.749562
batch0.fast5	e3375216-c8aa-4c9a-8430-a2fe6beed5da	cfdce6c29459902087db9c061c151e9b0bf3f94a	0	487	3	41244.929615	4.342297	1307	TRUE	41246.395750	866	2.876162	227	10.444837	0.000000	106.758736	11.097290	106.758736	11.097290
batch0.fast5	e3489ce1-8c1e-4537-ae6c-8cd7c96e999c	cfdce6c29459902087db9c061c151e9b0bf3f94a	0	46	1	14205.264940	12.093958	3642	TRUE	14206.861554	3161	10.497344	768	7.750405	0.000000	98.049477	14.468618	98.049477	14.468618
batch0.fast5	e5794240-eec7-432d-adc8-b99fda43637e	cfdce6c29459902087db9c061c151e9b0bf3f94a	0	269	3	41432.830345	11.069721	3334	TRUE	41435.268260	2599	8.631806	591	9.456120	0.000000	100.437500	13.766258	100.437500	13.766258
batch0.fast5	e5b6ce32-0478-4a83-ab2a-97e549ff0dff	cfdce6c29459902087db9c061c151e9b0bf3f94a	0	216	3	10483.077689	7.896082	2378	TRUE	10485.153386	1753	5.820385	370	11.879521	0.000000	104.511185	13.906731	104.511185	13.906731
batch0.fast5	e7352177-55db-491d-ae99-d440f9ab2d10	cfdce6c29459902087db9c061c151e9b0bf3f94a	0	469	2	14197.923307	9.590637	2888	TRUE	14199.853918	2307	7.660027	528	11.384041	0.000000	106.618263	15.732866	106.618263	15.732866
batch0.fast5	e777fd06-c8dd-4beb-ba3b-0e985cf28f4f	cfdce6c29459902087db9c061c151e9b0bf3f94a	0	248	3	41241.676295	8.171647	2461	TRUE	41241.832669	2414	8.015272	478	9.540414	0.000000	93.132950	10.816346	93.132950	10.816346
batch0.fast5	e7814840-534c-4d6e-a4f3-0474d44cff0c	cfdce6c29459902087db9c061c151e9b0bf3f94a	0	211	1	14067.966799	17.880810	5385	TRUE	14068.099602	5345	17.748008	1031	8.694836	0.000000	97.347115	14.890035	97.347115	14.890035
batch0.fast5	e815281c-26cb-4dfb-93ba-20d276c41ae1	cfdce6c29459902087db9c061c151e9b0bf3f94a	0	304	2	41606.076029	6.658035	2005	TRUE	41607.746016	1502	4.988048	416	10.750203	0.000000	108.022987	14.328147	108.022987	14.328147
batch0.fast5	e8600ed1-8694-44d9-bc16-102ab6677fb7	cfdce6c29459902087db9c061c151e9b0bf3f94a	0	145	4	41420.437915	16.487052	4965	TRUE	41420.586321	4921	16.338645	1233	8.858285	0.000000	91.306816	12.782954	91.306816	12.782954
batch0.fast5	e91b1845-a069-4d1e-a009-f44cfd41865d	cfdce6c29459902087db9c061c151e9b0bf3f94a	0	292	1	41116.581341	17.073041	5142	TRUE	41116.733400	5096	16.920983	1322	10.282931	0.000000	97.066170	12.642482	97.066170	12.642482
batch0.fast5	ea55c600-aa3a-43ef-bf61-966bdafc6849	cfdce6c29459902087db9c061c151e9b0bf3f94a	0	367	1	14210.970784	9.382470	2826	TRUE	14212.216135	2450	8.137118	658	8.917787	0.000000	98.189949	13.906731	98.189949	13.906731
batch0.fast5	ebf50371-d024-48c8-8002-f057fdce83d3	cfdce6c29459902087db9c061c151e9b0bf3f94a	0	331	2	14122.374502	4.796481	1444	TRUE	14123.709495	1042	3.461487	222	9.216618	0.000000	101.701744	15.311451	101.701744	15.311451
batch0.fast5	ed06ad7d-f544-49f5-8d06-9a72d34abd32	cfdce6c29459902087db9c061c151e9b0bf3f94a	0	187	3	41486.489376	12.964143	3904	FALSE	41488.966467	3158	10.487052	327	5.814775	0.000000	113.360924	7.585489	113.360924	7.585489
batch0.fast5	efe8c32a-1295-4d81-8d6d-d9cc026350a3	cfdce6c29459902087db9c061c151e9b0bf3f94a	0	217	4	10465.089309	17.795817	5360	TRUE	10468.146414	4439	14.738712	940	9.123263	0.000000	91.166344	7.445017	91.166344	7.445017
batch0.fast5	eff78af9-10ad-4a2f-b98e-9a0ca3e21499	cfdce6c29459902087db9c061c151e9b0bf3f94a	0	118	3	41480.569057	8.618194	2595	TRUE	41480.981740	2471	8.205511	343	8.473869	0.000000	101.982689	15.170979	101.982689	15.170979
batch0.fast5	f14450cd-91d0-4dd7-9656-2875ca11c5d1	cfdce6c29459902087db9c061c151e9b0bf3f94a	0	440	2	41198.945219	12.395086	3733	TRUE	41199.078021	3693	12.262284	685	9.052379	0.000000	104.511185	15.170979	104.511185	15.170979
batch0.fast5	f16e3d23-783d-4130-ba4f-f1d1d78ba6d4	cfdce6c29459902087db9c061c151e9b0bf3f94a	0	150	3	14094.829681	10.370850	3123	TRUE	14097.471116	2328	7.729416	485	11.172367	0.000000	99.594666	12.923427	99.594666	12.923427
batch0.fast5	f295877e-fa92-466d-97dd-392bd1fe1128	cfdce6c29459902087db9c061c151e9b0bf3f94a	0	294	3	41564.320053	7.955843	2396	TRUE	41566.094290	1861	6.181607	437	11.559964	0.000000	104.370712	14.609091	104.370712	14.609091
batch0.fast5	f2fd105b-1779-4293-b2d8-1d6e74cc35a8	cfdce6c29459902087db9c061c151e9b0bf3f94a	0	134	2	41553.762284	7.734728	2329	TRUE	41555.338645	1854	6.158367	467	12.309199	0.000000	104.792130	14.328147	104.792130	14.328147
batch0.fast5	f413f6d6-57bb-4eb1-9a95-72f39d113c96	cfdce6c29459902087db9c061c151e9b0bf3f94a	0	80	2	10502.360558	8.644754	2603	TRUE	10502.531873	2552	8.473440	260	8.719647	0.000000	93.835312	11.659178	93.835312	11.659178
batch0.fast5	f44291a7-d76f-478e-845e-51aa583a8e2c	cfdce6c29459902087db9c061c151e9b0bf3f94a	0	372	4	10564.713811	11.650066	3509	TRUE	10566.435923	2990	9.927955	629	11.566300	0.000000	102.965996	14.468618	102.965996	14.468618
batch0.fast5	f4d234d0-b56d-4a16-8dee-35e542497e24	cfdce6c29459902087db9c061c151e9b0bf3f94a	0	498	2	14156.313745	9.882470	2976	TRUE	14157.985392	2473	8.210823	603	10.315993	0.000000	106.056381	14.047202	106.056381	14.047202
batch0.fast5	f6ab0232-aa36-457d-8560-e9d19e845e1f	cfdce6c29459902087db9c061c151e9b0bf3f94a	0	18	2	41320.955179	21.119854	6361	TRUE	41322.839641	5793	19.235392	1291	11.344630	0.000000	98.330414	14.047202	98.330414	14.047202
batch0.fast5	fa047700-3103-4e87-8727-80f19d3ac72c	cfdce6c29459902087db9c061c151e9b0bf3f94a	0	4	2	10494.008964	8.065405	2429	TRUE	10495.334993	2029	6.739376	466	10.898536	0.000000	104.511185	13.766258	104.511185	13.766258
batch0.fast5	fa45c81f-36d8-4c88-b859-ae5e3de56975	cfdce6c29459902087db9c061c151e9b0bf3f94a	0	293	2	14097.875830	6.718792	2023	TRUE	14098.012948	1982	6.581673	348	9.837055	0.000000	99.875610	16.013811	99.875610	16.013811
batch0.fast5	fb64130e-b474-422a-8346-608c0ed761ca	cfdce6c29459902087db9c061c151e9b0bf3f94a	0	351	2	14207.750332	8.536521	2571	TRUE	14209.445883	2060	6.840969	411	10.749134	0.000000	106.196854	14.468618	106.196854	14.468618
batch0.fast5	fc376e2f-c89c-4b3d-bcb6-83deaf06b286	cfdce6c29459902087db9c061c151e9b0bf3f94a	0	225	3	41188.378154	14.655710	4414	TRUE	41188.636786	4336	14.397078	602	7.319563	0.000000	91.447289	9.411626	91.447289	9.411626
batch0.fast5	fc4ada12-5ac6-418d-845c-97b6416672d5	cfdce6c29459902087db9c061c151e9b0bf3f94a	0	87	1	41632.681275	8.535857	2571	TRUE	41634.203187	2112	7.013944	489	12.294720	0.000000	101.982689	13.906731	101.982689	13.906731
batch0.fast5	fc9d80d8-cbe6-4f17-ac12-9b0fa244f52e	cfdce6c29459902087db9c061c151e9b0bf3f94a	0	192	1	41399.874170	23.949867	7213	TRUE	41400.110226	7142	23.713811	1297	9.030038	0.000000	99.313721	12.642482	99.313721	12.642482
batch0.fast5	fcc522ba-ce7c-4da7-9d65-275fe8a8e1c9	cfdce6c29459902087db9c061c151e9b0bf3f94a	0	443	4	10458.357570	16.358234	4927	TRUE	10459.965803	4442	14.750000	1304	11.292815	0.000000	100.437500	15.030507	100.437500	15.030507
batch0.fast5	fd22b37f-e9d9-41eb-ac3b-98f8376487b7	cfdce6c29459902087db9c061c151e9b0bf3f94a	0	65	4	41154.162019	6.587981	1984	TRUE	41156.600930	1249	4.149070	300	9.748474	0.000000	105.354019	13.204370	105.354019	13.204370
batch0.fast5	fd798a33-cf6a-4210-a036-b20ef317bc66	cfdce6c29459902087db9c061c151e9b0bf3f94a	0	493	4	14202.514276	9.571049	2882	TRUE	14204.126826	2397	7.958499	662	11.254612	0.000000	100.718445	13.766258	100.718445	13.766258
