filename	read_id	run_id	batch_id	channel	mux	start_time	duration	num_events	passes_filtering	template_start	num_events_template	template_duration	sequence_length_template	mean_qscore_template	strand_score_template	median_template	mad_template	scaling_median_template	scaling_mad_template
batch0.fast5	02fb87ab-435a-4a93-b618-624513feedbe	c0cdb6f6cd5b7122e6bbcd17889ff6295a282903	0	331	2	74620.442231	17.309761	5213	FALSE	74621.098938	5015	16.653054	425	6.276993	0.000000	93.356339	13.558561	93.356339	13.558561
batch0.fast5	031efc92-6e4a-4df6-8c6b-20d763584d41	c0cdb6f6cd5b7122e6bbcd17889ff6295a282903	0	159	4	30306.718792	11.139442	3355	TRUE	30306.851594	3315	11.006640	717	7.419235	0.000000	99.570679	11.440036	99.570679	11.440036
batch0.fast5	07360471-03dc-42a2-84e8-e8fc043a11d5	c0cdb6f6cd5b7122e6bbcd17889ff6295a282903	0	54	1	74544.202191	10.859562	3270	TRUE	74545.794157	2791	9.267596	708	7.836524	0.000000	91.520287	13.982265	91.520287	13.982265
batch0.fast5	073896f2-b251-4dc4-ada1-c2c86cc421ef	c0cdb6f6cd5b7122e6bbcd17889ff6295a282903	0	486	1	74510.089973	8.486720	2556	TRUE	74511.807105	2039	6.769588	402	7.469899	0.000000	101.547974	12.852386	101.547974	12.852386
batch0.fast5	0ed28928-9ae3-43f7-9fd8-7b779ae891ea	c0cdb6f6cd5b7122e6bbcd17889ff6295a282903	0	182	2	74639.060425	17.333665	5220	TRUE	74640.169323	4886	16.224768	1251	7.398218	0.000000	101.406738	13.699796	101.406738	13.699796
batch0.fast5	0feb468a-0437-4574-90c6-4de5925209ce	c0cdb6f6cd5b7122e6bbcd17889ff6295a282903	0	456	2	74591.921979	8.430611	2539	TRUE	74594.368858	1802	5.983732	291	7.854197	0.000000	83.469887	12.852386	83.469887	12.852386
batch0.fast5	10b1f519-3372-4a8a-8fdf-2f51022ed271	c0cdb6f6cd5b7122e6bbcd17889ff6295a282903	0	285	2	30315.371846	18.387450	5538	TRUE	30318.032869	4736	15.726428	969	8.670731	0.000000	106.632431	13.699796	106.632431	13.699796
batch0.fast5	15caff3d-2052-4fe6-b731-4aa2c6c9b750	c0cdb6f6cd5b7122e6bbcd17889ff6295a282903	0	119	3	74612.495020	14.678951	4421	TRUE	74612.628154	4381	14.545817	1075	7.928939	0.000000	109.598366	13.134856	109.598366	13.134856
batch0.fast5	17d01899-f353-4f94-80e6-fc442b08c3fb	c0cdb6f6cd5b7122e6bbcd17889ff6295a282903	0	105	2	74611.934263	8.075033	2432	FALSE	74612.067065	2392	7.942231	274	6.784513	0.000000	101.971680	9.603981	101.971680	9.603981
batch0.fast5	1ad9d5cf-ecf0-493a-8b33-2a81da2205d3	c0cdb6f6cd5b7122e6bbcd17889ff6295a282903	0	475	3	74676.870850	10.157703	3059	TRUE	74680.210159	2053	6.818393	327	7.528361	0.000000	111.575661	16.806967	111.575661	16.806967
batch0.fast5	241f6d58-5319-4eaa-b000-927862df9e79	c0cdb6f6cd5b7122e6bbcd17889ff6295a282903	0	389	3	74469.998008	21.648738	6520	TRUE	74470.245020	6446	21.401726	939	7.961332	0.000000	108.327255	12.852386	108.327255	12.852386
batch0.fast5	2751d3d3-e7ed-467f-bbee-9e9fcd8d0ed7	c0cdb6f6cd5b7122e6bbcd17889ff6295a282903	0	182	2	74545.475764	11.769256	3544	TRUE	74545.608898	3504	11.636122	760	7.954780	0.000000	106.491196	14.688441	106.491196	14.688441
batch0.fast5	3191a9b0-f41c-4afb-a6ed-04e6bc66e82f	c0cdb6f6cd5b7122e6bbcd17889ff6295a282903	0	441	1	74618.753984	22.092629	6654	TRUE	74618.887118	6614	21.959495	1199	7.658530	0.000000	103.384026	11.722506	103.384026	11.722506
batch0.fast5	398fcbb5-7d52-4e4f-b67e-6bad97732614	c0cdb6f6cd5b7122e6bbcd17889ff6295a282903	0	231	3	30329.773904	8.912019	2684	TRUE	30331.019256	2309	7.666667	472	7.654969	0.000000	107.479843	15.112146	107.479843	15.112146
batch0.fast5	479ba65b-0446-436d-86ba-c8c5ce336b47	c0cdb6f6cd5b7122e6bbcd17889ff6295a282903	0	119	2	30256.397078	9.009296	2713	TRUE	30256.529880	2673	8.876494	438	8.121223	0.000000	105.502548	15.677086	105.502548	15.677086
batch0.fast5	48c4a618-909d-456e-8713-ed63eef26be1	c0cdb6f6cd5b7122e6bbcd17889ff6295a282903	0	252	1	74511.933931	8.038845	2421	FALSE	74512.855246	2143	7.117530	672	6.971392	0.000000	107.338608	14.264736	107.338608	14.264736
batch0.fast5	4fd5fd53-1282-47e2-8bb3-73395219183f	c0cdb6f6cd5b7122e6bbcd17889ff6295a282903	0	478	2	30286.517264	17.222444	5187	TRUE	30286.696215	5133	17.043493	950	7.697730	0.000000	105.361313	12.569916	105.361313	12.569916
batch0.fast5	519e69f1-c262-48b5-90f6-ce4d27b5fc5d	c0cdb6f6cd5b7122e6bbcd17889ff6295a282903	0	3	2	74668.911687	18.470120	5563	TRUE	74669.138114	5495	18.243692	1305	7.186592	0.000000	69.911331	9.886451	69.911331	9.886451
batch0.fast5	5506a7bd-7cd2-46a1-be40-5dc9c3e77800	c0cdb6f6cd5b7122e6bbcd17889ff6295a282903	0	479	3	30276.593958	13.403386	4037	TRUE	30276.726760	3997	13.270584	839	7.297488	0.000000	100.559326	11.863741	100.559326	11.863741
batch0.fast5	01165be0-d60d-449d-96b8-1260f5a6073c	c0cdb6f6cd5b7122e6bbcd17889ff6295a282903	0	474	3	30325.315737	15.495684	4667	TRUE	30326.904382	4188	13.907039	779	8.339602	0.000000	108.892189	14.688441	108.892189	14.688441
batch0.fast5	03d7adef-d3c2-4840-b1df-444d2c283c87	c0cdb6f6cd5b7122e6bbcd17889ff6295a282903	0	239	3	74661.724436	16.119522	4855	TRUE	74663.105246	4439	14.738712	1117	7.784310	0.000000	110.163307	13.699796	110.163307	13.699796
batch0.fast5	05ab2b5f-2e90-4c7a-ad51-99615d4843d4	c0cdb6f6cd5b7122e6bbcd17889ff6295a282903	0	238	4	74610.705511	15.582337	4693	TRUE	74615.064409	3380	11.223440	459	7.555140	0.000000	111.999359	16.383261	111.999359	16.383261
batch0.fast5	07bafa83-c0a6-4013-8374-5716362ed7a4	c0cdb6f6cd5b7122e6bbcd17889ff6295a282903	0	473	3	30303.759296	13.515604	4070	TRUE	30304.738048	3776	12.536853	813	7.646575	0.000000	104.937614	13.417326	104.937614	13.417326
batch0.fast5	095a6179-458d-4fc8-a88e-ca55eb826808	c0cdb6f6cd5b7122e6bbcd17889ff6295a282903	0	396	2	74589.248008	14.031208	4226	TRUE	74591.580345	3523	11.698871	449	8.259603	0.000000	110.163307	13.276091	110.163307	13.276091
batch0.fast5	0d69848b-1ecf-4db1-ae81-6c839a807543	c0cdb6f6cd5b7122e6bbcd17889ff6295a282903	0	14	3	74619.847278	6.536521	1968	TRUE	74619.980080	1928	6.403718	432	7.719687	0.000000	105.361313	10.733861	105.361313	10.733861
batch0.fast5	0e2755e0-2bbf-4fe8-afe0-cb5282c8094c	c0cdb6f6cd5b7122e6bbcd17889ff6295a282903	0	163	1	74475.434927	10.199867	3072	TRUE	74476.805777	2659	8.829017	617	8.828457	0.000000	117.931229	16.524496	117.931229	16.524496
batch0.fast5	1160b20a-97f6-473a-aafb-62adb14d8cc0	c0cdb6f6cd5b7122e6bbcd17889ff6295a282903	0	15	2	30330.476760	5.759960	1734	TRUE	30331.865206	1316	4.371514	286	8.102431	0.000000	109.739601	15.535851	109.739601	15.535851
batch0.fast5	11823fc8-df1f-495d-b195-1f41ddbdf959	c0cdb6f6cd5b7122e6bbcd17889ff6295a282903	0	314	4	74574.149734	27.142098	8175	TRUE	74574.302789	8129	26.989044	1364	8.215940	0.000000	97.593391	12.146211	97.593391	12.146211
batch0.fast5	12795f86-0352-4bc6-80f7-215dc04251cb	c0cdb6f6cd5b7122e6bbcd17889ff6295a282903	0	494	4	30271.649402	5.059097	1523	TRUE	30273.203851	1055	3.504648	225	7.767521	0.000000	110.728249	14.547206	110.728249	14.547206
batch0.fast5	13403520-f6f0-4162-a66d-f8eac35b5246	c0cdb6f6cd5b7122e6bbcd17889ff6295a282903	0	152	4	30310.102922	11.904714	3585	TRUE	30312.114210	2979	9.893426	498	7.260203	0.000000	108.186020	14.547206	108.186020	14.547206
batch0.fast5	14a4e4b7-fb22-406e-979b-e2037f3b3dbf	c0cdb6f6cd5b7122e6bbcd17889ff6295a282903	0	65	3	74606.046813	26.176295	7884	TRUE	74608.532537	7135	23.690571	1029	8.752917	0.000000	116.518883	14.829676	116.518883	14.829676
batch0.fast5	17f9250a-428e-4faf-8b8b-c6d525f241c1	c0cdb6f6cd5b7122e6bbcd17889ff6295a282903	0	193	2	74478.526228	8.605578	2592	TRUE	74480.048141	2133	7.083665	465	7.954461	0.000000	117.083824	15.535851	117.083824	15.535851
batch0.fast5	1836be3c-50c7-4e91-ad2d-a7eb535ed5d3	c0cdb6f6cd5b7122e6bbcd17889ff6295a282903	0	76	1	74639.475764	19.982404	6018	TRUE	74640.697543	5650	18.760624	1317	8.143737	0.000000	110.163307	13.982265	110.163307	13.982265
batch0.fast5	18405973-43cc-49a3-9231-1c45ae6df39c	c0cdb6f6cd5b7122e6bbcd17889ff6295a282903	0	236	2	74555.362882	31.317065	9432	FALSE	74557.916003	8663	28.763944	485	6.307158	0.000000	114.824059	15.535851	114.824059	15.535851
batch0.fast5	19652ddd-247e-40da-9598-01e9a9e08e23	c0cdb6f6cd5b7122e6bbcd17889ff6295a282903	0	96	2	74513.563745	8.403718	2531	FALSE	74513.838977	2448	8.128486	338	6.881510	0.000000	93.638809	10.027685	93.638809	10.027685
batch0.fast5	1ad248be-7a0c-4f19-a7d9-fd786dc15198	c0cdb6f6cd5b7122e6bbcd17889ff6295a282903	0	210	4	74649.659031	21.307437	6417	FALSE	74651.198871	5954	19.767596	1210	6.856623	0.000000	109.174660	13.699796	109.174660	13.699796
batch0.fast5	1c189f74-f538-4d76-b642-ab20d9e4383a	c0cdb6f6cd5b7122e6bbcd17889ff6295a282903	0	502	1	74509.304781	7.083665	2133	TRUE	74510.871514	1661	5.516932	376	7.559237	0.000000	113.835419	16.524496	113.835419	16.524496
batch0.fast5	1fbaeb7b-1cf8-45c0-bc6d-b799a13e2936	c0cdb6f6cd5b7122e6bbcd17889ff6295a282903	0	343	1	74481.717131	19.670651	5924	TRUE	74481.882470	5875	19.505312	564	7.190024	0.000000	105.361313	11.581271	105.361313	11.581271
batch0.fast5	20471de0-9960-46e1-ba80-e1cd3434015f	c0cdb6f6cd5b7122e6bbcd17889ff6295a282903	0	354	3	74584.377822	6.021248	1813	TRUE	74586.272908	1242	4.126162	238	8.538793	0.000000	122.168282	15.112146	122.168282	15.112146
batch0.fast5	228ef480-a5b9-42aa-b0c4-61f70c474bd7	c0cdb6f6cd5b7122e6bbcd17889ff6295a282903	0	56	1	30347.227756	17.692231	5328	TRUE	30348.361554	4987	16.558433	1252	8.021246	0.000000	108.327255	13.841031	108.327255	13.841031
batch0.fast5	2311ca2b-215b-4e1d-8fb3-200a855be90c	c0cdb6f6cd5b7122e6bbcd17889ff6295a282903	0	461	1	30345.774900	13.809429	4159	TRUE	30347.474104	3647	12.110226	857	8.309170	0.000000	99.994385	13.841031	99.994385	13.841031
batch0.fast5	23420d63-ee6e-4ba3-8329-bf7fda2a32af	c0cdb6f6cd5b7122e6bbcd17889ff6295a282903	0	200	3	74568.697543	26.925963	8110	TRUE	74568.962483	8030	26.661023	1251	7.545453	0.000000	97.875862	12.004975	97.875862	12.004975
batch0.fast5	2400f4ee-ddfd-4920-82cd-f167ee850f5d	c0cdb6f6cd5b7122e6bbcd17889ff6295a282903	0	262	1	30301.648074	7.201195	2169	TRUE	30303.296149	1672	5.553121	436	7.635248	0.000000	105.926254	15.818321	105.926254	15.818321
batch0.fast5	24aba0d7-614b-4cdc-bf25-c2ea98f35148	c0cdb6f6cd5b7122e6bbcd17889ff6295a282903	0	155	2	74511.765936	17.142430	5163	TRUE	74511.899070	5123	17.009296	1134	7.693656	0.000000	109.880836	13.841031	109.880836	13.841031
batch0.fast5	28b27a2e-d4d2-445a-95b8-590671a60f2d	c0cdb6f6cd5b7122e6bbcd17889ff6295a282903	0	372	3	74653.776560	12.250000	3689	TRUE	74655.487716	3174	10.538845	576	7.846482	0.000000	106.491196	14.405971	106.491196	14.405971
batch0.fast5	29c24817-96e2-4f8b-bfed-baedab4e796c	c0cdb6f6cd5b7122e6bbcd17889ff6295a282903	0	135	4	74526.887782	8.949867	2695	TRUE	74529.645086	1865	6.192563	258	7.638633	0.000000	113.976654	14.688441	113.976654	14.688441
batch0.fast5	2ab9d679-bcb4-4c5e-b491-95f245443da8	c0cdb6f6cd5b7122e6bbcd17889ff6295a282903	0	364	2	74631.666999	15.294821	4606	TRUE	74631.799801	4566	15.162019	877	7.152779	0.000000	105.220085	13.276091	105.220085	13.276091
batch0.fast5	2adaa774-2aac-42ab-9a93-cf362f026d8c	c0cdb6f6cd5b7122e6bbcd17889ff6295a282903	0	188	4	30291.947875	16.936587	5101	TRUE	30294.438579	4351	14.445883	901	8.323508	0.000000	103.666496	14.264736	103.666496	14.264736
batch0.fast5	2b17306a-40f6-412d-9f0f-c69c37b9ca2d	c0cdb6f6cd5b7122e6bbcd17889ff6295a282903	0	279	2	74580.369190	14.378818	4330	TRUE	74581.649070	3945	13.098938	711	7.648197	0.000000	116.942589	15.959556	116.942589	15.959556
batch0.fast5	2db58637-34b1-4c96-a025-c0e33f280ac3	c0cdb6f6cd5b7122e6bbcd17889ff6295a282903	0	82	1	74535.630810	19.885790	5989	TRUE	74536.922311	5600	18.594290	1096	7.645243	0.000000	106.914902	14.970911	106.914902	14.970911
batch0.fast5	2dc007c7-45cc-4c47-aa82-6ebdb8b7c420	c0cdb6f6cd5b7122e6bbcd17889ff6295a282903	0	114	1	74658.039509	6.986720	2104	FALSE	74658.176295	2063	6.849934	315	6.428888	0.000000	96.463509	10.168921	96.463509	10.168921
batch0.fast5	2e4e1e9f-031f-4e32-bb0b-816dd59425df	c0cdb6f6cd5b7122e6bbcd17889ff6295a282903	0	360	1	74621.695219	6.955179	2094	TRUE	74623.625498	1513	5.024900	230	8.783139	0.000000	114.400360	15.959556	114.400360	15.959556
batch0.fast5	2ebde80e-0144-43ba-8f18-4cf8e7a30a44	c0cdb6f6cd5b7122e6bbcd17889ff6295a282903	0	99	4	30339.786853	11.480080	3457	TRUE	30339.919655	3417	11.347278	650	7.607232	0.000000	102.819084	12.569916	102.819084	12.569916
batch0.fast5	2fa3599a-443b-4fd0-b9bd-4ce1cc00aed9	c0cdb6f6cd5b7122e6bbcd17889ff6295a282903	0	285	3	74548.155378	7.530544	2268	TRUE	74549.324037	1916	6.361886	520	7.772599	0.000000	113.270477	14.405971	113.270477	14.405971
batch0.fast5	311bc3bd-7f33-4bb2-930f-fde5ff63d0a5	c0cdb6f6cd5b7122e6bbcd17889ff6295a282903	0	192	1	74592.955843	25.589641	7707	TRUE	74593.139110	7652	25.406375	1312	7.555563	0.000000	105.078850	12.993621	105.078850	12.993621
batch0.fast5	319f6ec3-2737-4a3e-b6f7-bde056232f8b	c0cdb6f6cd5b7122e6bbcd17889ff6295a282903	0	261	1	74542.917663	14.114874	4251	TRUE	74543.050465	4211	13.982072	719	7.196294	0.000000	101.830444	9.321510	101.830444	9.321510
batch0.fast5	31fb6d66-5a19-4130-a453-13a4fe4430d7	c0cdb6f6cd5b7122e6bbcd17889ff6295a282903	0	100	4	30298.702855	11.596946	3493	TRUE	30300.265604	3022	10.034197	655	7.933716	0.000000	101.124268	13.276091	101.124268	13.276091
batch0.fast5	32ce9daa-aca1-466d-a9f7-05d9446fd76c	c0cdb6f6cd5b7122e6bbcd17889ff6295a282903	0	142	2	30294.827357	9.601926	2892	TRUE	30296.178287	2485	8.250996	448	8.433356	0.000000	109.174660	15.959556	109.174660	15.959556
batch0.fast5	34c79b34-28fc-4cc9-9de1-40c38d5cd3ac	c0cdb6f6cd5b7122e6bbcd17889ff6295a282903	0	157	4	74650.457503	26.040505	7843	TRUE	74650.699867	7770	25.798141	1051	7.125613	0.000000	99.994385	9.745215	99.994385	9.745215
batch0.fast5	354fe545-e6e0-45da-97b1-abd79e19d2a4	c0cdb6f6cd5b7122e6bbcd17889ff6295a282903	0	245	4	74486.091633	21.816733	6571	TRUE	74486.225100	6531	21.683267	993	7.610976	0.000000	101.124268	10.875095	101.124268	10.875095
batch0.fast5	378b79db-49cb-4f60-b4b8-9821d0edf9f9	c0cdb6f6cd5b7122e6bbcd17889ff6295a282903	0	281	1	74564.135790	26.413015	7955	TRUE	74564.268592	7915	26.280212	532	8.018364	0.000000	105.502548	14.547206	105.502548	14.547206
batch0.fast5	39c50aea-a7e0-4536-a133-f4ae055142b4	c0cdb6f6cd5b7122e6bbcd17889ff6295a282903	0	193	2	74565.228752	20.275564	6107	TRUE	74565.525564	6017	19.978752	1300	8.166455	0.000000	111.293190	12.428680	111.293190	12.428680
batch0.fast5	3a151d74-c749-41cb-893a-6706232adefe	c0cdb6f6cd5b7122e6bbcd17889ff6295a282903	0	356	2	74592.681939	13.397078	4035	FALSE	74595.743360	3113	10.335657	379	6.862363	0.000000	106.914902	15.818321	106.914902	15.818321
batch0.fast5	3ace414a-1437-4959-932a-868f4c10bbdf	c0cdb6f6cd5b7122e6bbcd17889ff6295a282903	0	511	4	30280.774236	24.282537	7313	TRUE	30282.618858	6758	22.437915	1312	8.415874	0.000000	106.491196	13.841031	106.491196	13.841031
batch0.fast5	3bdd1b8b-73cf-4e22-bc90-869db0b3613f	c0cdb6f6cd5b7122e6bbcd17889ff6295a282903	0	402	1	30261.700863	37.242364	11217	TRUE	30264.263944	10445	34.679283	1285	8.101417	0.000000	99.146973	11.581271	99.146973	11.581271
batch0.fast5	3d755a81-c61a-4619-8444-1e68e7646f88	c0cdb6f6cd5b7122e6bbcd17889ff6295a282903	0	211	4	74505.892762	16.757636	5047	TRUE	74507.474768	4570	15.175631	1205	7.701923	0.000000	110.163307	14.688441	110.163307	14.688441
batch0.fast5	3dcb1935-80ee-4a96-87ff-35c9a84aca72	c0cdb6f6cd5b7122e6bbcd17889ff6295a282903	0	318	4	30299.084329	5.590969	1684	TRUE	30300.634130	1217	4.041169	245	9.188006	0.000000	110.587013	14.829676	110.587013	14.829676
batch0.fast5	3e71b660-2d4e-4117-9b06-e6dd3f8be20f	c0cdb6f6cd5b7122e6bbcd17889ff6295a282903	0	424	2	74648.579681	14.613214	4401	FALSE	74648.715803	4360	14.477092	823	6.752937	0.000000	100.276855	13.841031	100.276855	13.841031
batch0.fast5	430cc989-9815-4830-9940-b8a7287fbaed	c0cdb6f6cd5b7122e6bbcd17889ff6295a282903	0	309	2	74533.630146	23.754316	7154	TRUE	74533.930279	7064	23.454183	1019	7.825747	0.000000	110.022072	11.581271	110.022072	11.581271
batch0.fast5	43229ad0-5436-4295-837f-7923cda896f6	c0cdb6f6cd5b7122e6bbcd17889ff6295a282903	0	47	2	30332.153054	13.032537	3925	TRUE	30333.275896	3587	11.909695	875	8.652349	0.000000	107.479843	14.970911	107.479843	14.970911
batch0.fast5	44769131-d36d-4fe8-af37-f8b278e2b03b	c0cdb6f6cd5b7122e6bbcd17889ff6295a282903	0	404	4	74602.319721	16.854582	5076	TRUE	74603.791169	4633	15.383134	910	8.030666	0.000000	111.434425	15.818321	111.434425	15.818321
batch0.fast5	44cea829-8955-4be8-9f90-39270f2e3c8e	c0cdb6f6cd5b7122e6bbcd17889ff6295a282903	0	277	3	30232.044157	15.454515	4654	TRUE	30233.630146	4177	13.868526	926	7.182079	0.000000	105.926254	14.123501	105.926254	14.123501
batch0.fast5	44e2b0ac-ed5f-4c36-86fb-8803ac05adbe	c0cdb6f6cd5b7122e6bbcd17889ff6295a282903	0	260	4	74549.437251	8.845286	2664	TRUE	74551.741368	1970	6.541169	269	7.146767	0.000000	96.745979	15.112146	96.745979	15.112146
batch0.fast5	45f2addf-daa1-4b28-8bde-ebfd3b03d0ea	c0cdb6f6cd5b7122e6bbcd17889ff6295a282903	0	215	2	74479.059097	12.019920	3620	TRUE	74480.626826	3148	10.452191	535	8.935249	0.000000	105.220085	13.276091	105.220085	13.276091
batch0.fast5	46a9b89c-aa2f-4420-ae69-bbb9e42c2059	c0cdb6f6cd5b7122e6bbcd17889ff6295a282903	0	283	1	74520.184927	25.860558	7789	TRUE	74520.500664	7694	25.544821	760	7.367994	0.000000	103.948967	13.417326	103.948967	13.417326
batch0.fast5	46f150dc-afba-48f8-9c6b-3c1403299e3e	c0cdb6f6cd5b7122e6bbcd17889ff6295a282903	0	512	3	30316.270584	26.305113	7923	TRUE	30318.640770	7209	23.934927	1214	8.083834	0.000000	102.254143	12.004975	102.254143	12.004975
batch0.fast5	4ae89428-62ec-42bb-a582-af72dbeb4cd2	c0cdb6f6cd5b7122e6bbcd17889ff6295a282903	0	82	4	30261.669323	18.263280	5500	TRUE	30263.239044	5028	16.693559	1253	7.381423	0.000000	104.372673	13.417326	104.372673	13.417326
batch0.fast5	4b89be4b-f260-42b5-aa8d-b47c264516bf	c0cdb6f6cd5b7122e6bbcd17889ff6295a282903	0	308	1	30308.332669	21.571049	6497	TRUE	30310.035857	5984	19.867862	1268	8.220388	0.000000	101.265503	12.993621	101.265503	12.993621
batch0.fast5	4bc620ef-ae34-4eac-9c2c-2c948bed994c	c0cdb6f6cd5b7122e6bbcd17889ff6295a282903	0	418	4	30329.387450	10.522908	3169	TRUE	30331.181939	2629	8.728420	464	8.037095	0.000000	103.242790	14.688441	103.242790	14.688441
batch0.fast5	4cbaff18-522b-4eb4-a9e7-d990549cdde1	c0cdb6f6cd5b7122e6bbcd17889ff6295a282903	0	259	4	30321.601594	21.054449	6341	TRUE	30323.197875	5860	19.458167	1248	8.480659	0.000000	102.819084	13.417326	102.819084	13.417326
batch0.fast5	4ec1d5df-d5ba-4b4b-8618-5866059b6c7c	c0cdb6f6cd5b7122e6bbcd17889ff6295a282903	0	36	3	74621.401726	7.530544	2268	TRUE	74623.011620	1783	5.920651	361	7.837448	0.000000	108.468491	16.383261	108.468491	16.383261
batch0.fast5	4f557b08-4bf4-4166-a36c-7f345f3fe645	c0cdb6f6cd5b7122e6bbcd17889ff6295a282903	0	348	3	74684.139110	10.375498	3125	FALSE	74685.300133	2775	9.214475	737	5.834090	0.000000	97.028450	12.287446	97.028450	12.287446
batch0.fast5	517b17fb-fec2-4a01-8658-06714d4aa76c	c0cdb6f6cd5b7122e6bbcd17889ff6295a282903	0	415	3	74608.406707	17.435259	5251	FALSE	74608.539509	5211	17.302457	681	6.403059	0.000000	104.937614	9.321510	104.937614	9.321510
batch0.fast5	51c41618-f2fb-4fc1-99b0-d128bdcf975b	c0cdb6f6cd5b7122e6bbcd17889ff6295a282903	0	9	2	74597.947211	8.662683	2609	FALSE	74598.080345	2569	8.529548	389	6.952013	0.000000	95.474869	11.863741	95.474869	11.863741
batch0.fast5	55242bf4-aeca-4d55-94d1-f28c8ffc7968	c0cdb6f6cd5b7122e6bbcd17889ff6295a282903	0	285	2	30342.807769	11.415007	3438	TRUE	30344.426295	2950	9.796481	699	8.337247	0.000000	107.903549	14.123501	107.903549	14.123501
batch0.fast5	560c45ea-d54d-4b14-b894-c5e29aa59eca	c0cdb6f6cd5b7122e6bbcd17889ff6295a282903	0	344	2	30251.112218	10.974768	3305	FALSE	30252.425299	2910	9.661687	496	6.349238	0.000000	105.220085	13.699796	105.220085	13.699796
batch0.fast5	5755ef6a-0b6d-4d9a-9ea0-4e3213e34c45	c0cdb6f6cd5b7122e6bbcd17889ff6295a282903	0	27	1	74468.463811	11.841633	3566	TRUE	74471.145086	2759	9.160359	449	8.129745	0.000000	114.400360	13.982265	114.400360	13.982265
batch0.fast5	58e0ec9f-4a2a-42e6-b1d4-18e163e3541e	c0cdb6f6cd5b7122e6bbcd17889ff6295a282903	0	243	1	74505.329681	19.961487	6012	TRUE	74505.704515	5899	19.586653	608	7.229960	0.000000	100.983032	12.146211	100.983032	12.146211
batch0.fast5	5addb646-1f98-4a26-a390-e6e0b89575bb	c0cdb6f6cd5b7122e6bbcd17889ff6295a282903	0	31	1	30266.232404	5.506972	1658	TRUE	30268.027224	1118	3.712151	259	8.378696	0.000000	120.473465	15.959556	120.473465	15.959556
batch0.fast5	5b91bddb-d97b-4250-b032-9dcd6a4b7320	c0cdb6f6cd5b7122e6bbcd17889ff6295a282903	0	66	4	74472.146082	7.430943	2238	TRUE	74473.504980	1828	6.072045	397	7.196747	0.000000	108.609718	15.394616	108.609718	15.394616
batch0.fast5	5d39bfd4-a1b2-47c9-847f-70515d72be73	c0cdb6f6cd5b7122e6bbcd17889ff6295a282903	0	154	1	74515.297477	29.338977	8836	TRUE	74515.430611	8796	29.205843	1438	7.565773	0.000000	115.812706	13.982265	115.812706	13.982265
batch0.fast5	5d39e47d-6732-44eb-b264-cdebdd107e44	c0cdb6f6cd5b7122e6bbcd17889ff6295a282903	0	229	1	74549.981076	17.596946	5300	TRUE	74550.113878	5260	17.464143	894	7.766716	0.000000	100.983032	11.722506	100.983032	11.722506
batch0.fast5	5dd1d9c2-f07c-4ed7-9d87-d2d50eccdc1f	c0cdb6f6cd5b7122e6bbcd17889ff6295a282903	0	302	1	30338.201195	8.674967	2612	TRUE	30339.369522	2261	7.506640	531	7.712559	0.000000	108.327255	13.841031	108.327255	13.841031
batch0.fast5	5efef00a-f7d5-47e4-b27a-34720d73532f	c0cdb6f6cd5b7122e6bbcd17889ff6295a282903	0	344	2	74647.504980	26.406375	7953	TRUE	74647.653718	7908	26.257636	1386	7.794890	0.000000	97.169685	12.146211	97.169685	12.146211
batch0.fast5	640e0307-3f20-4258-a4a2-a9febd608379	c0cdb6f6cd5b7122e6bbcd17889ff6295a282903	0	210	4	74618.367198	11.604250	3495	TRUE	74620.280212	2919	9.691235	675	7.912604	0.000000	113.552948	15.112146	113.552948	15.112146
batch0.fast5	65cbc013-ab2c-4caf-b6b5-67017d888de5	c0cdb6f6cd5b7122e6bbcd17889ff6295a282903	0	309	2	30334.297477	8.608898	2593	TRUE	30334.430279	2553	8.476096	522	7.268405	0.000000	104.796379	11.863741	104.796379	11.863741
batch0.fast5	67fe1ae3-1e17-4914-b238-c63c8433b89f	c0cdb6f6cd5b7122e6bbcd17889ff6295a282903	0	169	4	74488.849270	31.398738	9457	TRUE	74490.321381	9013	29.926627	1493	7.602232	0.000000	102.677849	12.428680	102.677849	12.428680
batch0.fast5	681db514-beb8-46fd-ab6a-1ae502ed14ba	c0cdb6f6cd5b7122e6bbcd17889ff6295a282903	0	309	2	30277.274900	7.908699	2382	TRUE	30277.472112	2322	7.711487	347	7.139019	0.000000	106.067490	15.677086	106.067490	15.677086
batch0.fast5	684e27ef-b6f4-473b-a718-9e7520d93ea8	c0cdb6f6cd5b7122e6bbcd17889ff6295a282903	0	268	1	74528.829681	11.852922	3570	TRUE	74530.722776	2999	9.959827	751	7.944870	0.000000	106.632431	14.688441	106.632431	14.688441
batch0.fast5	6a832ad5-de7c-4fc6-8b88-1e397013b922	c0cdb6f6cd5b7122e6bbcd17889ff6295a282903	0	491	2	74592.026228	6.140106	1849	TRUE	74593.430611	1426	4.735724	277	8.661925	0.000000	113.129242	14.123501	113.129242	14.123501
batch0.fast5	6d7213bb-b892-4aaf-91d9-e095d1e46cd4	c0cdb6f6cd5b7122e6bbcd17889ff6295a282903	0	489	3	30336.663015	23.994024	7227	TRUE	30338.880478	6559	21.776560	1288	8.160062	0.000000	104.513908	14.688441	104.513908	14.688441
batch0.fast5	6e80a36e-f4df-4eee-8b59-cdb3e905bdac	c0cdb6f6cd5b7122e6bbcd17889ff6295a282903	0	254	2	74496.091633	18.201195	5482	FALSE	74497.225432	5140	17.067397	1179	6.469100	0.000000	108.044785	13.417326	108.044785	13.417326
batch0.fast5	6e82f85e-70d2-4724-a97f-f4172c46f73b	c0cdb6f6cd5b7122e6bbcd17889ff6295a282903	0	422	3	30281.777888	11.546149	3477	TRUE	30283.620518	2922	9.703519	589	7.528199	0.000000	106.632431	15.394616	106.632431	15.394616
batch0.fast5	6f1aecb1-a946-4470-9b96-e33c70144563	c0cdb6f6cd5b7122e6bbcd17889ff6295a282903	0	409	2	30292.277224	17.840637	5373	TRUE	30292.560093	5288	17.557769	425	7.047479	0.000000	105.078850	11.016331	105.078850	11.016331
batch0.fast5	6f2d5450-4b7a-4838-a01b-53575682ae6f	c0cdb6f6cd5b7122e6bbcd17889ff6295a282903	0	256	4	30345.270916	10.386122	3128	TRUE	30345.441567	3076	10.215471	586	7.649851	0.000000	100.700562	13.699796	100.700562	13.699796
batch0.fast5	6f4ca85b-d2b3-42cf-b298-5359bc518994	c0cdb6f6cd5b7122e6bbcd17889ff6295a282903	0	79	2	74570.314741	10.299801	3102	TRUE	74570.447543	3062	10.166999	526	7.268061	0.000000	110.304543	10.875095	110.304543	10.875095
batch0.fast5	6fc1ba3f-9fa2-46d1-847b-6d97439750e3	c0cdb6f6cd5b7122e6bbcd17889ff6295a282903	0	349	3	30304.229084	9.132470	2750	TRUE	30304.361886	2710	8.999668	787	7.209116	0.000000	102.112915	12.852386	102.112915	12.852386
batch0.fast5	721eaf74-8c1c-485e-8274-3b6d0d1397d4	c0cdb6f6cd5b7122e6bbcd17889ff6295a282903	0	156	3	74592.577025	28.460823	8572	TRUE	74594.041833	8131	26.996016	1304	7.083397	0.000000	102.254143	12.004975	102.254143	12.004975
batch0.fast5	747e58ac-fa98-45f9-8707-ce774b2d2c72	c0cdb6f6cd5b7122e6bbcd17889ff6295a282903	0	401	4	74498.902390	10.123174	3049	TRUE	74500.779880	2483	8.245684	488	7.819581	0.000000	107.056137	14.829676	107.056137	14.829676
batch0.fast5	74cfcc35-0af5-449a-b9be-d8522066804a	c0cdb6f6cd5b7122e6bbcd17889ff6295a282903	0	374	3	30319.170651	9.199867	2771	TRUE	30321.495020	2070	6.875498	457	7.670556	0.000000	106.914902	15.677086	106.914902	15.677086
batch0.fast5	774f69ce-c892-414c-843a-372b41ee918a	c0cdb6f6cd5b7122e6bbcd17889ff6295a282903	0	445	3	30303.167663	14.075365	4239	FALSE	30304.141102	3946	13.101926	1101	6.951282	0.000000	106.067490	14.405971	106.067490	14.405971
batch0.fast5	786188d5-eb8f-4491-9802-a6c49945ef16	c0cdb6f6cd5b7122e6bbcd17889ff6295a282903	0	15	1	74550.688247	7.273240	2190	TRUE	74550.824701	2149	7.136786	346	7.701411	0.000000	102.536613	10.733861	102.536613	10.733861
batch0.fast5	78d6e5a0-4a2a-4e63-8316-89b45c3f2d0a	c0cdb6f6cd5b7122e6bbcd17889ff6295a282903	0	30	1	30241.430279	20.023904	6031	TRUE	30241.563413	5991	19.890770	1360	8.042757	0.000000	99.146973	12.428680	99.146973	12.428680
batch0.fast5	795d8743-21a7-46d9-bbd2-a54cf1b12a14	c0cdb6f6cd5b7122e6bbcd17889ff6295a282903	0	172	1	74590.141102	21.794821	6564	TRUE	74592.982736	5708	18.953187	1435	8.410769	0.000000	100.276855	12.852386	100.276855	12.852386
batch0.fast5	7a876474-0dae-444e-bda6-e9e2e1f849a4	c0cdb6f6cd5b7122e6bbcd17889ff6295a282903	0	217	4	30261.633798	14.375166	4329	TRUE	30263.022576	3911	12.986388	620	7.294300	0.000000	115.953941	15.394616	115.953941	15.394616
batch0.fast5	7b82f3b7-030a-417c-af40-2d560e926ec7	c0cdb6f6cd5b7122e6bbcd17889ff6295a282903	0	343	2	30316.503320	8.085989	2435	TRUE	30318.316401	1889	6.272908	362	8.074589	0.000000	107.621078	16.242025	107.621078	16.242025
batch0.fast5	7c159df4-0f87-4173-b2ce-4e2138e880d6	c0cdb6f6cd5b7122e6bbcd17889ff6295a282903	0	198	4	74497.929947	15.686255	4724	TRUE	74499.026892	4394	14.589309	1294	8.013125	0.000000	108.609718	13.699796	108.609718	13.699796
batch0.fast5	7c256ff1-c9fa-4d40-a438-195de4942f44	c0cdb6f6cd5b7122e6bbcd17889ff6295a282903	0	324	1	74507.975432	14.471448	4358	TRUE	74508.108234	4318	14.338645	693	7.378404	0.000000	108.327255	11.581271	108.327255	11.581271
batch0.fast5	7d8355e5-563f-461c-a9ec-a925aac8c6c3	c0cdb6f6cd5b7122e6bbcd17889ff6295a282903	0	300	2	74471.782537	6.945219	2091	TRUE	74473.178287	1671	5.549469	342	7.824270	0.000000	119.343582	14.123501	119.343582	14.123501
batch0.fast5	7e6d024e-97fb-47fa-af77-5e81c413cb34	c0cdb6f6cd5b7122e6bbcd17889ff6295a282903	0	206	4	74530.604914	8.253984	2486	TRUE	74532.160027	2017	6.698871	448	7.902315	0.000000	115.247765	15.394616	115.247765	15.394616
batch0.fast5	804ebc95-804e-4a36-be51-7ca6d7db7bca	c0cdb6f6cd5b7122e6bbcd17889ff6295a282903	0	360	3	30308.072045	8.701527	2620	TRUE	30309.853918	2084	6.919655	481	7.824607	0.000000	106.349960	14.264736	106.349960	14.264736
batch0.fast5	80a82f79-e7c5-41be-afd3-062d7341ce19	c0cdb6f6cd5b7122e6bbcd17889ff6295a282903	0	502	1	74566.016600	12.184595	3670	TRUE	74567.982404	3077	10.218792	645	7.641010	0.000000	111.434425	15.253381	111.434425	15.253381
batch0.fast5	83579872-ab77-4f1a-a1b3-afc445611f1b	c0cdb6f6cd5b7122e6bbcd17889ff6295a282903	0	220	3	30259.342629	3.835657	1155	TRUE	30260.463479	817	2.714807	209	7.446738	0.000000	110.869484	15.394616	110.869484	15.394616
batch0.fast5	8443a0ee-cf9b-4ff0-ab44-7cf90ac3a71c	c0cdb6f6cd5b7122e6bbcd17889ff6295a282903	0	352	4	74559.317397	8.749004	2635	TRUE	74559.605910	2548	8.460491	459	7.552730	0.000000	110.728249	11.298800	110.728249	11.298800
batch0.fast5	86262654-433f-4b11-9f88-6227a8aaded9	c0cdb6f6cd5b7122e6bbcd17889ff6295a282903	0	172	1	74612.009960	24.648406	7424	TRUE	74613.788513	6888	22.869854	1284	8.297668	0.000000	103.101555	15.112146	103.101555	15.112146
batch0.fast5	86843fed-fa1e-4f58-9fdf-010824902161	c0cdb6f6cd5b7122e6bbcd17889ff6295a282903	0	465	4	30232.657703	14.386454	4333	TRUE	30232.790505	4293	14.253652	687	7.553134	0.000000	89.825462	7.909161	89.825462	7.909161
batch0.fast5	86d43065-14a4-4e0f-88c1-9c2bdbbe6949	c0cdb6f6cd5b7122e6bbcd17889ff6295a282903	0	142	2	30304.436919	17.916999	5396	TRUE	30305.806441	4984	16.547477	1248	7.870686	0.000000	104.655144	13.699796	104.655144	13.699796
batch0.fast5	8770df0f-f8c2-4534-9e3a-be54d5fd1ba6	c0cdb6f6cd5b7122e6bbcd17889ff6295a282903	0	320	4	30285.647742	15.399734	4638	TRUE	30288.874834	3666	12.172643	708	7.014952	0.000000	107.621078	14.688441	107.621078	14.688441
batch0.fast5	886f1edd-0b30-4e81-8f6a-08ccde274017	c0cdb6f6cd5b7122e6bbcd17889ff6295a282903	0	388	4	30245.343293	11.547477	3478	TRUE	30247.412351	2854	9.478420	583	8.096479	0.000000	107.479843	13.276091	107.479843	13.276091
batch0.fast5	88eac45c-3b84-4084-9d8a-271f97b61d21	c0cdb6f6cd5b7122e6bbcd17889ff6295a282903	0	507	3	74485.705843	8.592629	2588	TRUE	74485.858234	2542	8.440239	343	7.446106	0.000000	105.078850	15.394616	105.078850	15.394616
batch0.fast5	88fe9542-03fc-4aa2-9320-effef2c5bdb3	c0cdb6f6cd5b7122e6bbcd17889ff6295a282903	0	310	2	30317.250996	16.120850	4855	TRUE	30318.969788	4337	14.402058	1063	7.897985	0.000000	108.327255	13.134856	108.327255	13.134856
batch0.fast5	89086e4a-dd6f-402e-93ba-e8c1249ad800	c0cdb6f6cd5b7122e6bbcd17889ff6295a282903	0	98	1	30259.766932	10.466799	3152	TRUE	30260.733400	2861	9.500332	728	7.144669	0.000000	104.231438	15.394616	104.231438	15.394616
batch0.fast5	8a5bbcd8-893d-4908-b1b7-e9f56e4f3978	c0cdb6f6cd5b7122e6bbcd17889ff6295a282903	0	287	3	74607.513944	6.798473	2047	TRUE	74609.114874	1565	5.197543	277	8.030461	0.000000	114.117889	14.688441	114.117889	14.688441
batch0.fast5	8a989b8a-b3f3-4233-a50d-6a493debd574	c0cdb6f6cd5b7122e6bbcd17889ff6295a282903	0	512	3	30287.372178	12.635790	3805	TRUE	30287.623174	3730	12.384794	824	8.058844	0.000000	102.254143	13.982265	102.254143	13.982265
batch0.fast5	8b7035ef-05b0-48c8-89a6-d276dd1a7736	c0cdb6f6cd5b7122e6bbcd17889ff6295a282903	0	7	3	74487.538513	15.740704	4741	TRUE	74487.715139	4687	15.564077	589	7.801493	0.000000	103.242790	10.875095	103.242790	10.875095
batch0.fast5	8c61f725-a564-45b8-9468-9b016307c35c	c0cdb6f6cd5b7122e6bbcd17889ff6295a282903	0	111	1	74672.934595	15.054117	4534	TRUE	74675.187251	3855	12.801461	456	7.108257	0.000000	117.083824	13.841031	117.083824	13.841031
batch0.fast5	8da660c4-4eb8-4962-af1c-21d23b43fa76	c0cdb6f6cd5b7122e6bbcd17889ff6295a282903	0	215	2	74614.797145	24.605246	7411	TRUE	74614.951859	7364	24.450531	1401	7.762102	0.000000	101.547974	11.863741	101.547974	11.863741
batch0.fast5	8ef0ed0f-aeb1-4d15-9d08-ea81f6c38a53	c0cdb6f6cd5b7122e6bbcd17889ff6295a282903	0	301	4	30291.221780	8.289177	2496	TRUE	30293.335657	1860	6.175299	364	7.798989	0.000000	110.587013	15.818321	110.587013	15.818321
batch0.fast5	8f03776e-df35-4097-8947-93cfd7a16b30	c0cdb6f6cd5b7122e6bbcd17889ff6295a282903	0	405	1	74539.140438	18.077689	5445	TRUE	74540.636454	4994	16.581673	1034	8.131965	0.000000	110.445778	13.982265	110.445778	13.982265
batch0.fast5	8f3ab3cb-065f-4215-adf6-4b87ca287b25	c0cdb6f6cd5b7122e6bbcd17889ff6295a282903	0	475	3	74670.781541	6.086985	1833	TRUE	74671.699535	1556	5.168991	292	7.088226	0.000000	114.117889	14.970911	114.117889	14.970911
batch0.fast5	8facb547-21f9-40bc-93fa-f1a6b3dfdd8d	c0cdb6f6cd5b7122e6bbcd17889ff6295a282903	0	478	2	30258.147078	19.316733	5818	TRUE	30258.280212	5778	19.183599	1350	7.174431	0.000000	106.349960	13.134856	106.349960	13.134856
batch0.fast5	9170f90d-9097-4b65-ae25-d0423dbca544	c0cdb6f6cd5b7122e6bbcd17889ff6295a282903	0	439	4	74532.040173	11.354914	3420	FALSE	74532.239708	3360	11.155378	389	6.736502	0.000000	109.598366	9.321510	109.598366	9.321510
batch0.fast5	935c31dc-e8e2-4f33-bd09-a5c13b0c21d4	c0cdb6f6cd5b7122e6bbcd17889ff6295a282903	0	160	4	74473.739376	30.300133	9126	TRUE	74473.947211	9063	30.092297	1353	7.945458	0.000000	106.067490	13.699796	106.067490	13.699796
batch0.fast5	93a8e779-e7c9-48a3-9d56-ba738beb458a	c0cdb6f6cd5b7122e6bbcd17889ff6295a282903	0	437	3	74569.737384	8.330013	2509	TRUE	74571.007968	2126	7.059429	481	8.257238	0.000000	110.587013	15.959556	110.587013	15.959556
batch0.fast5	94951644-3413-48ad-9a01-50cee5f99298	c0cdb6f6cd5b7122e6bbcd17889ff6295a282903	0	223	4	30293.636122	6.541833	1970	TRUE	30295.090969	1532	5.086985	307	8.346249	0.000000	111.716888	16.383261	111.716888	16.383261
batch0.fast5	95264f6f-7f3f-4487-aae9-66513379eac0	c0cdb6f6cd5b7122e6bbcd17889ff6295a282903	0	509	2	74569.246348	14.135458	4257	FALSE	74569.524900	4173	13.856906	292	6.224419	0.000000	96.463509	9.603981	96.463509	9.603981
batch0.fast5	95ac7d23-c1a8-4922-aad4-bf612589caa1	c0cdb6f6cd5b7122e6bbcd17889ff6295a282903	0	488	1	74597.748672	5.926959	1785	TRUE	74599.198871	1348	4.476760	268	7.861495	0.000000	121.038406	14.123501	121.038406	14.123501
batch0.fast5	95e866b3-6cde-40ea-8125-00df7ac04836	c0cdb6f6cd5b7122e6bbcd17889ff6295a282903	0	428	1	30341.403054	6.972444	2100	FALSE	30342.752656	1693	5.622842	277	6.982502	0.000000	95.192398	11.863741	95.192398	11.863741
batch0.fast5	96669ba9-1e8c-48e0-9b6b-360b6bc9b175	c0cdb6f6cd5b7122e6bbcd17889ff6295a282903	0	223	4	74649.494688	18.174303	5474	TRUE	74649.627490	5434	18.041501	1347	8.032988	0.000000	107.762314	13.134856	107.762314	13.134856
batch0.fast5	97ff095f-2e4e-4f64-ba40-5004f856bf89	c0cdb6f6cd5b7122e6bbcd17889ff6295a282903	0	491	2	30308.871182	10.616534	3197	TRUE	30309.004316	3157	10.483400	590	7.612375	0.000000	105.785019	14.123501	105.785019	14.123501
batch0.fast5	98fc6e38-9c33-4aa3-88d5-8ff58d86fea7	c0cdb6f6cd5b7122e6bbcd17889ff6295a282903	0	329	3	74670.881806	16.230412	4888	FALSE	74673.556441	4083	13.555777	490	6.934047	0.000000	106.067490	11.581271	106.067490	11.581271
batch0.fast5	99dd5758-1be4-4e18-8b62-a5cc66be93d8	c0cdb6f6cd5b7122e6bbcd17889ff6295a282903	0	156	3	74627.045153	20.945551	6308	FALSE	74627.045153	6308	20.945551	979	6.822723	0.000000	103.948967	14.405971	103.948967	14.405971
batch0.fast5	9ac8ef9d-1648-4352-a4a2-d3f4c5a70ab3	c0cdb6f6cd5b7122e6bbcd17889ff6295a282903	0	394	1	74531.985060	15.664675	4718	TRUE	74533.242032	4339	14.407703	1122	8.215189	0.000000	113.694183	14.547206	113.694183	14.547206
batch0.fast5	9c620037-b8b5-4d13-afdd-3d1ff45e4086	c0cdb6f6cd5b7122e6bbcd17889ff6295a282903	0	285	3	74555.998008	17.861554	5379	TRUE	74556.159363	5331	17.700199	1244	7.721257	0.000000	106.914902	12.287446	106.914902	12.287446
batch0.fast5	9c6a777c-4246-4b75-b908-9ffd80b15662	c0cdb6f6cd5b7122e6bbcd17889ff6295a282903	0	316	1	30361.547145	13.107238	3947	FALSE	30363.619190	3323	11.035193	486	6.872411	0.000000	105.926254	14.264736	105.926254	14.264736
batch0.fast5	a1386565-2bab-4112-95ed-a4fb157a79ab	c0cdb6f6cd5b7122e6bbcd17889ff6295a282903	0	199	1	74580.312749	22.528552	6785	TRUE	74582.301461	6186	20.539841	1269	7.804684	0.000000	106.208725	13.417326	106.208725	13.417326
batch0.fast5	a1bbb48b-66b3-4ee8-9560-5551477d68ea	c0cdb6f6cd5b7122e6bbcd17889ff6295a282903	0	387	4	30305.452855	20.895418	6293	TRUE	30307.517264	5671	18.831009	1235	8.053438	0.000000	107.479843	14.123501	107.479843	14.123501
batch0.fast5	a2972905-4707-4348-b5bb-3f0ed5e8183c	c0cdb6f6cd5b7122e6bbcd17889ff6295a282903	0	90	2	74521.084993	13.058101	3933	TRUE	74521.257968	3881	12.885126	593	8.100162	0.000000	110.163307	13.841031	110.163307	13.841031
batch0.fast5	a4a1ae26-c0b9-4bc4-beb2-1df2f727218c	c0cdb6f6cd5b7122e6bbcd17889ff6295a282903	0	233	3	74491.130146	10.247344	3086	TRUE	74494.273904	2139	7.103586	314	7.010911	0.000000	81.068893	12.852386	81.068893	12.852386
batch0.fast5	a7760172-2369-4a6e-8e63-505f194797e5	c0cdb6f6cd5b7122e6bbcd17889ff6295a282903	0	235	2	30265.805113	13.539509	4078	TRUE	30266.731740	3799	12.612882	1040	7.115099	0.000000	99.005745	12.993621	99.005745	12.993621
batch0.fast5	a9026ff0-c167-4e7d-800c-4420383aca67	c0cdb6f6cd5b7122e6bbcd17889ff6295a282903	0	17	3	30358.306441	12.532205	3774	TRUE	30361.518924	2807	9.319721	310	8.628312	0.000000	102.960320	14.547206	102.960320	14.547206
batch0.fast5	a9068508-c326-46de-bdcb-8aecd4c83878	c0cdb6f6cd5b7122e6bbcd17889ff6295a282903	0	278	2	30234.738048	13.616202	4101	TRUE	30236.758300	3492	11.595950	482	7.519151	0.000000	107.479843	15.394616	107.479843	15.394616
batch0.fast5	a9bc7400-a362-4186-83ae-fd6068026658	c0cdb6f6cd5b7122e6bbcd17889ff6295a282903	0	396	2	74491.067065	19.896082	5992	TRUE	74491.223772	5945	19.739376	1345	8.204220	0.000000	111.010719	13.982265	111.010719	13.982265
batch0.fast5	a9db7b10-0cde-4382-b9bf-2f1dda918f50	c0cdb6f6cd5b7122e6bbcd17889ff6295a282903	0	294	4	30344.624834	26.188911	7888	TRUE	30344.779216	7841	26.034529	1340	8.232434	0.000000	99.994385	11.581271	99.994385	11.581271
batch0.fast5	aa18c456-894f-4f7c-ae1a-9cd9fe586af9	c0cdb6f6cd5b7122e6bbcd17889ff6295a282903	0	289	1	74573.443559	18.961819	5711	TRUE	74574.963811	5253	17.441567	659	7.865851	0.000000	99.146973	12.287446	99.146973	12.287446
batch0.fast5	ae2d17ca-901a-4e58-a1e4-50b56d5ef93c	c0cdb6f6cd5b7122e6bbcd17889ff6295a282903	0	8	2	30339.915007	19.466799	5863	TRUE	30340.047809	5823	19.333997	1203	7.290946	0.000000	101.547974	11.157566	101.547974	11.157566
batch0.fast5	aed14892-f2f2-4010-8f76-9035ad273923	c0cdb6f6cd5b7122e6bbcd17889ff6295a282903	0	246	2	30318.073373	11.322377	3410	TRUE	30318.206175	3370	11.189575	669	7.956580	0.000000	99.429443	13.699796	99.429443	13.699796
batch0.fast5	afb58337-2cda-43ae-b0e6-ca6f5b508237	c0cdb6f6cd5b7122e6bbcd17889ff6295a282903	0	474	3	74639.466799	10.882470	3277	TRUE	74639.621514	3231	10.727756	545	7.546285	0.000000	100.559326	12.852386	100.559326	12.852386
batch0.fast5	aff808fa-fc3f-4b4a-a797-dfe1e0bd4277	c0cdb6f6cd5b7122e6bbcd17889ff6295a282903	0	123	2	30298.239708	18.164675	5471	TRUE	30298.456839	5405	17.947543	779	7.999807	0.000000	102.819084	12.004975	102.819084	12.004975
batch0.fast5	b30911d9-0a39-4a69-9d7f-12b8b856604c	c0cdb6f6cd5b7122e6bbcd17889ff6295a282903	0	1	4	74630.318393	19.454515	5859	TRUE	74632.192895	5295	17.580013	1041	7.617360	0.000000	106.914902	13.276091	106.914902	13.276091
batch0.fast5	b421545d-711d-44b0-af4e-b22e50b3fe3f	c0cdb6f6cd5b7122e6bbcd17889ff6295a282903	0	308	1	74499.044157	6.549137	1972	TRUE	74499.176959	1932	6.416335	255	7.685387	0.000000	104.090202	10.168921	104.090202	10.168921
batch0.fast5	b4a4485f-cc10-4ea5-a7fd-575126e12a14	c0cdb6f6cd5b7122e6bbcd17889ff6295a282903	0	10	1	74589.315073	7.152722	2154	TRUE	74590.268924	1867	6.198871	453	7.691957	0.000000	115.247765	16.665731	115.247765	16.665731
batch0.fast5	b59f9c70-6072-4da2-b795-f5c291f60a7b	c0cdb6f6cd5b7122e6bbcd17889ff6295a282903	0	170	1	74481.294489	9.342297	2813	TRUE	74483.350598	2194	7.286189	406	8.396614	0.000000	108.750954	13.982265	108.750954	13.982265
batch0.fast5	b6936a25-c050-4ce8-a163-c73269eeb63c	c0cdb6f6cd5b7122e6bbcd17889ff6295a282903	0	123	4	74592.090305	4.569389	1376	TRUE	74593.285193	1016	3.374502	213	8.140510	0.000000	122.168282	15.677086	122.168282	15.677086
batch0.fast5	b7764d08-11e4-48a6-8095-68944c5d2a6f	c0cdb6f6cd5b7122e6bbcd17889ff6295a282903	0	301	1	74468.484728	17.028220	5128	TRUE	74468.677955	5070	16.834993	899	7.943031	0.000000	107.056137	13.276091	107.056137	13.276091
batch0.fast5	bbc68a70-e940-44af-9632-982ce3a1f1de	c0cdb6f6cd5b7122e6bbcd17889ff6295a282903	0	325	2	30334.555777	18.409695	5545	TRUE	30334.689243	5504	18.276228	1282	7.321501	0.000000	100.983032	12.569916	100.983032	12.569916
batch0.fast5	bbd4fbd9-e905-46aa-b04c-ca32e9a8b8e0	c0cdb6f6cd5b7122e6bbcd17889ff6295a282903	0	491	2	30287.187583	21.581673	6500	TRUE	30287.332005	6456	21.437251	1363	7.915723	0.000000	106.773666	14.264736	106.773666	14.264736
batch0.fast5	bd814ee7-548d-4649-9a0e-c9c4babd096d	c0cdb6f6cd5b7122e6bbcd17889ff6295a282903	0	80	4	74504.437915	11.366534	3423	TRUE	74505.363546	3144	10.440903	799	7.805387	0.000000	112.423065	15.959556	112.423065	15.959556
batch0.fast5	be824cf2-be5e-4886-9393-0785e5fe2772	c0cdb6f6cd5b7122e6bbcd17889ff6295a282903	0	356	4	30319.900066	12.014940	3618	TRUE	30320.059429	3570	11.855578	508	7.717022	0.000000	97.310921	11.016331	97.310921	11.016331
batch0.fast5	bf22003d-f046-4a1b-b036-4d389e1c1ed8	c0cdb6f6cd5b7122e6bbcd17889ff6295a282903	0	172	4	30257.710823	17.001992	5121	TRUE	30257.843625	5081	16.869190	860	8.049808	0.000000	103.666496	12.569916	103.666496	12.569916
batch0.fast5	c1cd0296-ee07-4e2e-b4e9-3db6d54f2ab1	c0cdb6f6cd5b7122e6bbcd17889ff6295a282903	0	18	2	74626.004316	22.337649	6728	TRUE	74626.289841	6642	22.052125	945	7.443401	0.000000	100.276855	10.733861	100.276855	10.733861
batch0.fast5	c71a31de-96b1-4766-b42b-a01deec24cec	c0cdb6f6cd5b7122e6bbcd17889ff6295a282903	0	160	4	74592.667995	38.487716	11592	TRUE	74593.111554	11458	38.044157	1335	8.021983	0.000000	104.937614	12.146211	104.937614	12.146211
batch0.fast5	c7ecd807-d3d5-4ca8-b6e0-dd49562b90f7	c0cdb6f6cd5b7122e6bbcd17889ff6295a282903	0	156	3	74561.370186	7.123506	2145	TRUE	74562.274236	1873	6.219456	465	8.352567	0.000000	111.151955	15.677086	111.151955	15.677086
batch0.fast5	c9247678-2bad-4076-8030-033819df132a	c0cdb6f6cd5b7122e6bbcd17889ff6295a282903	0	219	3	30306.546813	7.767596	2339	TRUE	30307.776892	1969	6.537517	428	7.729269	0.000000	111.716888	15.959556	111.716888	15.959556
batch0.fast5	cb34b967-9aef-452a-975e-fba11018a55b	c0cdb6f6cd5b7122e6bbcd17889ff6295a282903	0	72	3	74477.027888	30.094622	9064	TRUE	74479.498672	8320	27.623838	1256	7.843990	0.000000	108.186020	12.428680	108.186020	12.428680
batch0.fast5	cb557d32-0ef8-4c19-9f61-ecea760ae184	c0cdb6f6cd5b7122e6bbcd17889ff6295a282903	0	43	2	74550.322045	12.824037	3862	TRUE	74552.407703	3234	10.738380	650	8.455778	0.000000	111.434425	15.112146	111.434425	15.112146
batch0.fast5	cd50960e-1abb-439b-8d29-9b68d93f5676	c0cdb6f6cd5b7122e6bbcd17889ff6295a282903	0	325	4	74571.656375	8.316733	2505	TRUE	74573.813745	1855	6.159363	462	8.134883	0.000000	113.976654	14.970911	113.976654	14.970911
batch0.fast5	ce4cff30-037a-485c-b736-b4d8295239f2	c0cdb6f6cd5b7122e6bbcd17889ff6295a282903	0	478	2	74620.727092	7.036521	2119	FALSE	74622.245684	1662	5.517928	377	6.973127	0.000000	119.626053	15.394616	119.626053	15.394616
batch0.fast5	ceac22b8-f556-483d-aefa-29397c9a46bc	c0cdb6f6cd5b7122e6bbcd17889ff6295a282903	0	45	2	74573.936255	14.273572	4299	TRUE	74577.604250	3194	10.605578	435	8.122334	0.000000	95.192398	14.123501	95.192398	14.123501
batch0.fast5	ced2753c-59de-490f-ae47-332bc676ef6d	c0cdb6f6cd5b7122e6bbcd17889ff6295a282903	0	241	2	30340.529880	9.845950	2965	TRUE	30342.232404	2452	8.143426	561	7.926086	0.000000	107.621078	15.959556	107.621078	15.959556
batch0.fast5	cf1204aa-0676-442c-8c42-4a52be142fc5	c0cdb6f6cd5b7122e6bbcd17889ff6295a282903	0	13	1	74555.921979	10.393758	3130	TRUE	74556.101262	3076	10.214475	546	8.043800	0.000000	107.762314	11.581271	107.762314	11.581271
batch0.fast5	cf872a24-8315-4049-b0cc-88d747d57ae9	c0cdb6f6cd5b7122e6bbcd17889ff6295a282903	0	164	1	30261.129482	18.741036	5644	TRUE	30262.277556	5299	17.592961	1286	7.631765	0.000000	104.796379	13.699796	104.796379	13.699796
batch0.fast5	d11bfb3d-5759-404b-a639-1861c8a9499d	c0cdb6f6cd5b7122e6bbcd17889ff6295a282903	0	15	1	74523.216799	8.231076	2479	TRUE	74525.727424	1723	5.720452	334	7.863970	0.000000	110.869484	14.688441	110.869484	14.688441
batch0.fast5	d1fbc750-94b1-4442-a0f7-4bb74e0ced89	c0cdb6f6cd5b7122e6bbcd17889ff6295a282903	0	175	4	74630.388446	23.273904	7010	FALSE	74631.965139	6535	21.697211	922	6.966599	0.000000	106.491196	14.123501	106.491196	14.123501
batch0.fast5	d200c952-f4fa-4614-825e-fe29fcf50359	c0cdb6f6cd5b7122e6bbcd17889ff6295a282903	0	15	2	30314.212483	5.826693	1755	TRUE	30314.754648	1591	5.284529	354	7.680506	0.000000	104.513908	9.603981	104.513908	9.603981
batch0.fast5	d33f3edb-05c2-47e7-8513-5fecf9e9a454	c0cdb6f6cd5b7122e6bbcd17889ff6295a282903	0	25	1	74676.580013	8.390438	2527	FALSE	74676.713147	2487	8.257304	407	6.742503	0.000000	112.140594	14.264736	112.140594	14.264736
batch0.fast5	d408881d-af94-47d1-9ae1-c01e0fb691fa	c0cdb6f6cd5b7122e6bbcd17889ff6295a282903	0	324	1	74647.000000	6.226428	1875	TRUE	74649.488380	1125	3.738048	237	8.297714	0.000000	118.919876	16.524496	118.919876	16.524496
batch0.fast5	d5064746-9636-498e-8e40-7d1306d0bbd1	c0cdb6f6cd5b7122e6bbcd17889ff6295a282903	0	158	3	74518.354582	23.634130	7118	TRUE	74520.055777	6606	21.932935	1303	8.121644	0.000000	110.587013	13.699796	110.587013	13.699796
batch0.fast5	d5467922-ee6d-4e66-86ee-6f17b0ead6bd	c0cdb6f6cd5b7122e6bbcd17889ff6295a282903	0	404	4	30310.473772	60.221780	18138	TRUE	30310.473772	18138	60.221780	1383	7.516894	0.000000	101.971680	12.852386	101.971680	12.852386
batch0.fast5	d6896487-f00e-4619-8b8f-2220f28fae19	c0cdb6f6cd5b7122e6bbcd17889ff6295a282903	0	341	1	74644.738380	18.978752	5716	TRUE	74644.958831	5650	18.758300	885	8.010693	0.000000	104.937614	12.569916	104.937614	12.569916
batch0.fast5	d6c37527-e6d7-498d-8c1d-42ac4017805e	c0cdb6f6cd5b7122e6bbcd17889ff6295a282903	0	413	2	74473.983732	9.145086	2754	TRUE	74475.208499	2385	7.920319	678	7.518917	0.000000	108.609718	15.677086	108.609718	15.677086
batch0.fast5	dbef3621-f668-4be7-84a6-2415732ebd8d	c0cdb6f6cd5b7122e6bbcd17889ff6295a282903	0	368	4	74556.088645	19.153054	5768	TRUE	74556.673639	5592	18.568061	638	7.327018	0.000000	105.502548	12.852386	105.502548	12.852386
batch0.fast5	dbfb3cdc-ae97-4254-aa31-1c9e67f873b4	c0cdb6f6cd5b7122e6bbcd17889ff6295a282903	0	403	3	30330.872510	4.723772	1422	TRUE	30332.131806	1043	3.464475	240	7.874251	0.000000	113.411713	16.665731	113.411713	16.665731
batch0.fast5	dcaefa95-3e66-428f-878c-5d87d0c496dd	c0cdb6f6cd5b7122e6bbcd17889ff6295a282903	0	91	3	74531.125498	4.859562	1463	TRUE	74532.416335	1074	3.568725	192	8.912300	0.000000	109.457130	16.383261	109.457130	16.383261
batch0.fast5	dd272bef-a261-4d50-8255-eaf37e6ad4f8	c0cdb6f6cd5b7122e6bbcd17889ff6295a282903	0	67	4	30322.988380	28.726428	8652	FALSE	30323.675631	8445	28.039177	528	5.655260	0.000000	102.960320	13.841031	102.960320	13.841031
batch0.fast5	de225b25-ccb3-4393-b170-abbec5b80999	c0cdb6f6cd5b7122e6bbcd17889ff6295a282903	0	176	2	30349.148074	24.614542	7413	TRUE	30350.843625	6903	22.918991	1111	7.611358	0.000000	112.705536	15.394616	112.705536	15.394616
batch0.fast5	de6f166e-1d9a-4f30-ade6-69fe36bbb230	c0cdb6f6cd5b7122e6bbcd17889ff6295a282903	0	215	2	74496.244688	13.490704	4063	TRUE	74497.400066	3715	12.335325	503	7.712560	0.000000	105.220085	15.535851	105.220085	15.535851
batch0.fast5	de783726-0c5b-474e-a6b3-18a5eb26d67f	c0cdb6f6cd5b7122e6bbcd17889ff6295a282903	0	273	3	30311.115538	17.247676	5195	TRUE	30311.248340	5155	17.114874	895	8.374235	0.000000	102.254143	13.134856	102.254143	13.134856
batch0.fast5	deb2973f-cf99-41f8-905a-150b311b37a7	c0cdb6f6cd5b7122e6bbcd17889ff6295a282903	0	16	2	74631.975100	8.582337	2585	TRUE	74633.919655	1999	6.637782	388	7.461735	0.000000	97.875862	14.264736	97.875862	14.264736
batch0.fast5	df07b709-10bc-4717-9d35-db8c114f6d8d	c0cdb6f6cd5b7122e6bbcd17889ff6295a282903	0	221	4	74622.906042	16.594290	4998	TRUE	74624.901726	4397	14.598606	732	8.566669	0.000000	106.067490	12.852386	106.067490	12.852386
batch0.fast5	e1cd1e8f-df56-4a30-a4de-33ee9597ec70	c0cdb6f6cd5b7122e6bbcd17889ff6295a282903	0	312	2	74472.645418	21.234728	6395	TRUE	74472.858566	6331	21.021580	1354	7.690878	0.000000	98.299568	11.298800	98.299568	11.298800
batch0.fast5	e3d320df-b265-42bc-b4c8-3c5e8d60e884	c0cdb6f6cd5b7122e6bbcd17889ff6295a282903	0	327	4	74519.658035	9.448539	2845	TRUE	74521.900730	2170	7.205843	382	8.175996	0.000000	113.411713	15.818321	113.411713	15.818321
batch0.fast5	e4596be9-760c-4037-9186-41af2805a691	c0cdb6f6cd5b7122e6bbcd17889ff6295a282903	0	100	4	74584.597278	26.643758	8025	TRUE	74586.675963	7399	24.565073	1346	7.726312	0.000000	100.700562	11.581271	100.700562	11.581271
batch0.fast5	e5e70a5e-1846-415a-aeb2-ccbced30efb5	c0cdb6f6cd5b7122e6bbcd17889ff6295a282903	0	191	4	74648.185923	11.275232	3396	TRUE	74648.428951	3322	11.032205	535	7.708794	0.000000	94.768692	9.462746	94.768692	9.462746
batch0.fast5	e62e3c4a-a338-45a1-8b78-8040e2b94941	c0cdb6f6cd5b7122e6bbcd17889ff6295a282903	0	210	4	74541.877822	7.054781	2124	TRUE	74543.247012	1712	5.685591	360	7.673785	0.000000	113.129242	14.547206	113.129242	14.547206
batch0.fast5	e642c2df-a2b0-42f9-9648-90754ac9051e	c0cdb6f6cd5b7122e6bbcd17889ff6295a282903	0	258	4	30365.085325	9.124502	2748	TRUE	30366.385126	2356	7.824701	622	7.627650	0.000000	103.525261	14.405971	103.525261	14.405971
batch0.fast5	e735eca4-1e5e-4e0d-89dd-62c8f3eddb7e	c0cdb6f6cd5b7122e6bbcd17889ff6295a282903	0	484	2	30288.703851	6.199535	1867	TRUE	30289.703187	1566	5.200199	333	7.213493	0.000000	106.632431	15.253381	106.632431	15.253381
batch0.fast5	e8b6e761-8e76-460e-9264-b3ce34360bb4	c0cdb6f6cd5b7122e6bbcd17889ff6295a282903	0	184	3	74496.674635	14.925963	4495	TRUE	74496.865870	4438	14.734728	625	7.676404	0.000000	108.892189	12.287446	108.892189	12.287446
batch0.fast5	eaedd8d9-346a-4edf-bd05-a5a587fbf81b	c0cdb6f6cd5b7122e6bbcd17889ff6295a282903	0	303	4	74595.154050	9.476760	2854	FALSE	74595.290837	2813	9.339973	485	6.777751	0.000000	102.677849	12.852386	102.677849	12.852386
batch0.fast5	eb77c6fc-838f-4ee9-8e05-f1e25d0df5f0	c0cdb6f6cd5b7122e6bbcd17889ff6295a282903	0	374	3	30352.049137	4.630478	1394	TRUE	30353.509960	954	3.169655	207	7.445541	0.000000	111.293190	15.535851	111.293190	15.535851
batch0.fast5	ed9abf76-4d67-470e-a7a5-7f9a817e7d07	c0cdb6f6cd5b7122e6bbcd17889ff6295a282903	0	444	1	74626.009296	8.695551	2619	FALSE	74627.726096	2102	6.978752	445	6.947786	0.000000	103.242790	14.123501	103.242790	14.123501
batch0.fast5	f016a2a4-81bb-42b0-85fb-260222ed5101	c0cdb6f6cd5b7122e6bbcd17889ff6295a282903	0	249	1	30361.639110	9.013944	2715	TRUE	30363.768592	2073	6.884462	451	7.881847	0.000000	99.288208	12.428680	99.288208	12.428680
batch0.fast5	f063f8f0-5fb7-46f9-ab2a-d3193205092e	c0cdb6f6cd5b7122e6bbcd17889ff6295a282903	0	499	2	30288.652390	18.789509	5659	FALSE	30290.164011	5204	17.277888	1223	6.956334	0.000000	104.513908	13.558561	104.513908	13.558561
batch0.fast5	f1ba29d2-7f4a-43cb-8794-9de21b36a98a	c0cdb6f6cd5b7122e6bbcd17889ff6295a282903	0	127	1	74531.596282	18.812085	5666	TRUE	74533.423639	5115	16.984728	1273	7.961893	0.000000	104.937614	12.993621	104.937614	12.993621
batch0.fast5	f2cf52ac-bcaf-4c82-aec4-4b95150e6099	c0cdb6f6cd5b7122e6bbcd17889ff6295a282903	0	278	2	74632.235060	7.786521	2345	TRUE	74633.839309	1862	6.182271	344	7.891641	0.000000	108.892189	16.100792	108.892189	16.100792
batch0.fast5	f38fb65d-7046-4f69-98fa-17da9e013b11	c0cdb6f6cd5b7122e6bbcd17889ff6295a282903	0	396	2	74523.129482	23.686255	7134	TRUE	74524.984064	6575	21.831673	1259	8.446698	0.000000	111.575661	13.558561	111.575661	13.558561
batch0.fast5	f3bd8774-39e3-47e6-ae3d-90caa97aed21	c0cdb6f6cd5b7122e6bbcd17889ff6295a282903	0	354	2	30317.663347	25.901062	7801	TRUE	30317.810093	7757	25.754316	1357	8.020894	0.000000	104.655144	12.004975	104.655144	12.004975
batch0.fast5	f4776e2c-888f-4097-8835-f5a09def606b	c0cdb6f6cd5b7122e6bbcd17889ff6295a282903	0	211	4	30304.795153	9.666335	2911	FALSE	30305.778220	2615	8.683267	690	6.527332	0.000000	95.474869	12.852386	95.474869	12.852386
batch0.fast5	f4943f8e-8ef5-48e6-b649-e69c851691bb	c0cdb6f6cd5b7122e6bbcd17889ff6295a282903	0	398	1	30282.936587	17.537517	5282	TRUE	30283.069721	5242	17.404382	934	7.872376	0.000000	92.085228	11.440036	92.085228	11.440036
batch0.fast5	f551db13-4b39-41e4-b847-b5d42f881773	c0cdb6f6cd5b7122e6bbcd17889ff6295a282903	0	136	3	30354.177623	6.795485	2046	TRUE	30354.914675	1824	6.058433	383	8.305292	0.000000	112.423065	15.677086	112.423065	15.677086
batch0.fast5	f75b4977-3ac5-4b25-a322-539406bfd7e6	c0cdb6f6cd5b7122e6bbcd17889ff6295a282903	0	126	3	30243.398074	10.704183	3224	TRUE	30245.852590	2484	8.249668	273	7.644290	0.000000	106.632431	15.535851	106.632431	15.535851
batch0.fast5	f838fee8-3cd0-447a-ba48-a7c19475d515	c0cdb6f6cd5b7122e6bbcd17889ff6295a282903	0	324	1	74583.377490	14.385126	4332	FALSE	74583.377490	4332	14.385126	260	5.776999	0.000000	105.220085	9.180276	105.220085	9.180276
batch0.fast5	f88bf21e-4780-4735-8033-810097a74857	c0cdb6f6cd5b7122e6bbcd17889ff6295a282903	0	22	1	74466.235060	13.915007	4191	TRUE	74466.553121	4095	13.596946	405	7.078149	0.000000	95.898567	12.287446	95.898567	12.287446
batch0.fast5	f9990059-4d00-4483-8d34-3a24bfc7d338	c0cdb6f6cd5b7122e6bbcd17889ff6295a282903	0	271	4	74647.708167	15.129482	4557	TRUE	74649.212815	4103	13.624834	985	8.388007	0.000000	115.953941	13.841031	115.953941	13.841031
batch0.fast5	fa034991-9fe5-46cd-bf7d-f9af4785aa93	c0cdb6f6cd5b7122e6bbcd17889ff6295a282903	0	319	2	74573.237716	7.501660	2259	TRUE	74574.660691	1830	6.078685	391	7.159498	0.000000	107.762314	12.852386	107.762314	12.852386
batch0.fast5	fa924e04-e51e-4869-a2d3-0f5cc07163f8	c0cdb6f6cd5b7122e6bbcd17889ff6295a282903	0	10	1	74610.640438	14.215471	4281	TRUE	74612.653718	3675	12.202191	490	7.886608	0.000000	108.609718	14.264736	108.609718	14.264736
batch0.fast5	fb3b51cf-48f3-44ad-8dfa-784df344eff4	c0cdb6f6cd5b7122e6bbcd17889ff6295a282903	0	455	3	30288.554117	6.819057	2053	TRUE	30290.385790	1502	4.987384	269	7.637560	0.000000	110.022072	15.253381	110.022072	15.253381
batch0.fast5	fb4ef8cd-aa41-41b5-879c-0fb3a4383572	c0cdb6f6cd5b7122e6bbcd17889ff6295a282903	0	8	2	74580.666999	14.548805	4382	TRUE	74581.080013	4257	14.135790	1036	7.062565	0.000000	112.846771	14.829676	112.846771	14.829676
batch0.fast5	fc27cf04-8f46-417c-b980-9d80dcfab36b	c0cdb6f6cd5b7122e6bbcd17889ff6295a282903	0	45	2	74507.738712	14.413015	4341	TRUE	74507.939907	4280	14.211819	589	7.339672	0.000000	86.012123	8.332866	86.012123	8.332866
batch0.fast5	fdb4efe4-5e3c-47a3-be21-a796ccc5646e	c0cdb6f6cd5b7122e6bbcd17889ff6295a282903	0	66	4	74516.594290	15.205511	4579	TRUE	74516.727092	4539	15.072709	820	7.397936	0.000000	103.807732	12.852386	103.807732	12.852386
